#Player 2 
#Money Round 
9900 1
10000 2
10100 3
10200 4
10300 5
10400 6
10500 7
10400 8
10500 9
10600 10
10700 11
10600 12
10500 13
10400 14
10500 15
10600 16
10700 17
10800 18
10700 19
10800 20
10900 21
10800 22
10900 23
10800 24
10900 25
10800 26
10700 27
10800 28
10900 29
11000 30
11100 31
11000 32
11100 33
11200 34
11100 35
11000 36
11100 37
11200 38
11100 39
11000 40
10900 41
11000 42
10900 43
10800 44
10900 45
11000 46
11100 47
11000 48
10900 49
10800 50
10700 51
10800 52
10900 53
10800 54
10700 55
10600 56
10700 57
10800 58
10700 59
10800 60
10700 61
10600 62
10500 63
10400 64
10300 65
10400 66
10300 67
10200 68
10300 69
10400 70
10300 71
10400 72
10500 73
10600 74
10700 75
10600 76
10700 77
10800 78
10900 79
10800 80
10700 81
10600 82
10700 83
10800 84
10900 85
10800 86
10900 87
11000 88
11100 89
11000 90
10900 91
11000 92
11100 93
11000 94
10900 95
10800 96
10700 97
10600 98
10700 99
10800 100
10700 101
10600 102
10700 103
10600 104
10500 105
10400 106
10500 107
10600 108
10700 109
10800 110
10900 111
11000 112
10900 113
11000 114
11100 115
11200 116
11100 117
11200 118
11300 119
11200 120
11100 121
11000 122
10900 123
10800 124
10900 125
11000 126
10900 127
11000 128
11100 129
11200 130
11100 131
11000 132
10900 133
10800 134
10700 135
10600 136
10700 137
10800 138
10700 139
10600 140
10700 141
10800 142
10900 143
10800 144
10700 145
10600 146
10700 147
10800 148
10700 149
10600 150
10700 151
10600 152
10700 153
10600 154
10500 155
10400 156
10500 157
10400 158
10300 159
10200 160
10100 161
10000 162
10100 163
10000 164
9900 165
9800 166
9700 167
9600 168
9700 169
9600 170
9700 171
9800 172
9700 173
9800 174
9900 175
9800 176
9700 177
9800 178
9900 179
10000 180
9900 181
9800 182
9700 183
9800 184
9700 185
9600 186
9700 187
9800 188
9700 189
9600 190
9500 191
9600 192
9700 193
9800 194
9900 195
10000 196
10100 197
10000 198
9900 199
10000 200
9900 201
9800 202
9900 203
9800 204
9900 205
10000 206
9900 207
9800 208
9900 209
10000 210
10100 211
10000 212
9900 213
10000 214
9900 215
9800 216
9900 217
10000 218
10100 219
10000 220
9900 221
10000 222
10100 223
10200 224
10300 225
10400 226
10500 227
10600 228
10700 229
10800 230
10900 231
11000 232
10900 233
11000 234
11100 235
11200 236
11100 237
11000 238
11100 239
11000 240
10900 241
10800 242
10700 243
10600 244
10500 245
10600 246
10500 247
10600 248
10500 249
10600 250
10700 251
10600 252
10700 253
10800 254
10700 255
10600 256
10700 257
10600 258
10500 259
10600 260
10500 261
10600 262
10700 263
10600 264
10700 265
10600 266
10500 267
10400 268
10500 269
10400 270
10500 271
10600 272
10500 273
10600 274
10700 275
10600 276
10500 277
10600 278
10700 279
10600 280
10700 281
10800 282
10700 283
10800 284
10700 285
10800 286
10700 287
10800 288
10900 289
10800 290
10900 291
11000 292
11100 293
11000 294
10900 295
11000 296
10900 297
10800 298
10700 299
10600 300
10500 301
10400 302
10300 303
10400 304
10500 305
10400 306
10500 307
10400 308
10500 309
10600 310
10700 311
10600 312
10700 313
10600 314
10500 315
10400 316
10300 317
10200 318
10100 319
10000 320
10100 321
10200 322
10300 323
10200 324
10300 325
10200 326
10300 327
10200 328
10300 329
10400 330
10300 331
10400 332
10500 333
10600 334
10500 335
10600 336
10700 337
10600 338
10500 339
10400 340
10300 341
10400 342
10500 343
10400 344
10300 345
10200 346
10100 347
10000 348
10100 349
10200 350
10100 351
10000 352
10100 353
10200 354
10300 355
10400 356
10300 357
10200 358
10300 359
10200 360
10300 361
10400 362
10500 363
10600 364
10500 365
10600 366
10700 367
10800 368
10900 369
11000 370
11100 371
11000 372
10900 373
10800 374
10700 375
10800 376
10700 377
10600 378
10500 379
10600 380
10700 381
10800 382
10900 383
11000 384
10900 385
10800 386
10700 387
10600 388
10500 389
10400 390
10300 391
10400 392
10500 393
10400 394
10500 395
10600 396
10700 397
10800 398
10900 399
10800 400
10700 401
10600 402
10500 403
10600 404
10500 405
10600 406
10500 407
10600 408
10700 409
10600 410
10500 411
10400 412
10300 413
10200 414
10100 415
10200 416
10100 417
10200 418
10100 419
10000 420
9900 421
9800 422
9900 423
9800 424
9700 425
9800 426
9700 427
9800 428
9900 429
10000 430
10100 431
10200 432
10300 433
10400 434
10500 435
10600 436
10500 437
10600 438
10700 439
10800 440
10900 441
11000 442
11100 443
11000 444
11100 445
11200 446
11300 447
11400 448
11500 449
11600 450
11500 451
11400 452
11300 453
11400 454
11500 455
11400 456
11300 457
11200 458
11100 459
11200 460
11300 461
11400 462
11500 463
11600 464
11500 465
11400 466
11300 467
11400 468
11300 469
11400 470
11300 471
11200 472
11100 473
11200 474
11100 475
11200 476
11300 477
11400 478
11300 479
11400 480
11300 481
11400 482
11300 483
11200 484
11100 485
11000 486
11100 487
11200 488
11100 489
11000 490
11100 491
11200 492
11300 493
11200 494
11100 495
11200 496
11100 497
11200 498
11300 499
11200 500
11100 501
11200 502
11100 503
11200 504
11300 505
11400 506
11500 507
11600 508
11500 509
11600 510
11700 511
11600 512
11500 513
11400 514
11300 515
11400 516
11500 517
11400 518
11500 519
11400 520
11300 521
11400 522
11300 523
11200 524
11100 525
11000 526
11100 527
11200 528
11300 529
11200 530
11100 531
11000 532
10900 533
11000 534
11100 535
11000 536
11100 537
11200 538
11100 539
11200 540
11300 541
11200 542
11300 543
11400 544
11300 545
11200 546
11300 547
11200 548
11100 549
11000 550
10900 551
11000 552
10900 553
10800 554
10900 555
11000 556
10900 557
11000 558
11100 559
11000 560
11100 561
11000 562
10900 563
11000 564
10900 565
10800 566
10900 567
11000 568
10900 569
10800 570
10900 571
10800 572
10900 573
11000 574
10900 575
11000 576
10900 577
10800 578
10700 579
10600 580
10700 581
10800 582
10900 583
10800 584
10900 585
11000 586
11100 587
11200 588
11300 589
11400 590
11500 591
11400 592
11300 593
11200 594
11100 595
11000 596
11100 597
11000 598
11100 599
11000 600
11100 601
11000 602
11100 603
11000 604
11100 605
11200 606
11100 607
11200 608
11300 609
11200 610
11100 611
11000 612
10900 613
11000 614
10900 615
10800 616
10700 617
10800 618
10900 619
11000 620
10900 621
11000 622
10900 623
11000 624
11100 625
11000 626
10900 627
11000 628
11100 629
11200 630
11100 631
11000 632
11100 633
11000 634
10900 635
11000 636
10900 637
10800 638
10900 639
11000 640
11100 641
11000 642
11100 643
11200 644
11100 645
11000 646
11100 647
11000 648
11100 649
11200 650
11300 651
11400 652
11300 653
11400 654
11500 655
11600 656
11500 657
11600 658
11700 659
11600 660
11500 661
11600 662
11500 663
11400 664
11300 665
11200 666
11100 667
11200 668
11100 669
11200 670
11300 671
11400 672
11300 673
11200 674
11100 675
11200 676
11300 677
11400 678
11500 679
11600 680
11700 681
11800 682
11700 683
11600 684
11700 685
11800 686
11900 687
12000 688
11900 689
11800 690
11700 691
11600 692
11500 693
11400 694
11500 695
11600 696
11700 697
11800 698
11900 699
11800 700
11900 701
12000 702
12100 703
12000 704
11900 705
12000 706
12100 707
12200 708
12300 709
12200 710
12300 711
12400 712
12500 713
12600 714
12700 715
12800 716
12900 717
13000 718
13100 719
13000 720
12900 721
12800 722
12700 723
12800 724
12900 725
12800 726
12900 727
12800 728
12900 729
13000 730
12900 731
12800 732
12700 733
12600 734
12500 735
12400 736
12500 737
12600 738
12500 739
12600 740
12700 741
12800 742
12900 743
13000 744
12900 745
12800 746
12700 747
12600 748
12700 749
12600 750
12500 751
12400 752
12500 753
12400 754
12300 755
12200 756
12100 757
12000 758
11900 759
11800 760
11700 761
11600 762
11500 763
11600 764
11700 765
11600 766
11500 767
11600 768
11500 769
11600 770
11700 771
11800 772
11900 773
11800 774
11900 775
11800 776
11700 777
11800 778
11900 779
12000 780
11900 781
12000 782
12100 783
12200 784
12100 785
12000 786
11900 787
12000 788
11900 789
11800 790
11900 791
11800 792
11700 793
11800 794
11900 795
11800 796
11900 797
12000 798
12100 799
12000 800
11900 801
12000 802
12100 803
12000 804
12100 805
12000 806
12100 807
12200 808
12100 809
12200 810
12300 811
12200 812
12300 813
12400 814
12500 815
12600 816
12500 817
12400 818
12300 819
12400 820
12300 821
12200 822
12100 823
12000 824
11900 825
11800 826
11900 827
11800 828
11700 829
11800 830
11700 831
11800 832
11900 833
11800 834
11700 835
11600 836
11500 837
11400 838
11300 839
11400 840
11500 841
11400 842
11500 843
11600 844
11500 845
11600 846
11700 847
11800 848
11700 849
11600 850
11500 851
11400 852
11500 853
11400 854
11500 855
11400 856
11500 857
11400 858
11300 859
11200 860
11100 861
11200 862
11100 863
11200 864
11300 865
11400 866
11300 867
11200 868
11100 869
11000 870
10900 871
10800 872
10900 873
11000 874
11100 875
11200 876
11300 877
11400 878
11500 879
11400 880
11300 881
11200 882
11300 883
11200 884
11300 885
11400 886
11300 887
11200 888
11300 889
11200 890
11300 891
11200 892
11100 893
11000 894
10900 895
10800 896
10900 897
10800 898
10900 899
10800 900
10700 901
10600 902
10500 903
10400 904
10300 905
10200 906
10300 907
10400 908
10500 909
10600 910
10700 911
10800 912
10900 913
10800 914
10900 915
10800 916
10700 917
10800 918
10900 919
11000 920
11100 921
11000 922
10900 923
11000 924
10900 925
10800 926
10900 927
11000 928
10900 929
10800 930
10700 931
10800 932
10700 933
10800 934
10700 935
10800 936
10700 937
10600 938
10500 939
10400 940
10300 941
10400 942
10300 943
10400 944
10300 945
10400 946
10300 947
10200 948
10300 949
10200 950
10300 951
10400 952
10300 953
10400 954
10500 955
10400 956
10500 957
10400 958
10500 959
10600 960
10500 961
10600 962
10700 963
10800 964
10900 965
11000 966
10900 967
10800 968
10700 969
10800 970
10900 971
10800 972
10700 973
10600 974
10500 975
10400 976
10300 977
10400 978
10500 979
10400 980
10300 981
10200 982
10100 983
10200 984
10300 985
10400 986
10500 987
10400 988
10300 989
10400 990
10500 991
10600 992
10500 993
10600 994
10700 995
10800 996
10700 997
10800 998
10900 999
11000 1000
11100 1001
11000 1002
11100 1003
11200 1004
11300 1005
11200 1006
11100 1007
11200 1008
11100 1009
11200 1010
11100 1011
11000 1012
10900 1013
10800 1014
10900 1015
11000 1016
10900 1017
11000 1018
10900 1019
10800 1020
10900 1021
11000 1022
11100 1023
11000 1024
11100 1025
11200 1026
11100 1027
11200 1028
11300 1029
11200 1030
11100 1031
11000 1032
10900 1033
11000 1034
10900 1035
11000 1036
10900 1037
10800 1038
10900 1039
10800 1040
10700 1041
10600 1042
10500 1043
10400 1044
10500 1045
10600 1046
10500 1047
10600 1048
10500 1049
10400 1050
10300 1051
10200 1052
10100 1053
10200 1054
10100 1055
10000 1056
9900 1057
10000 1058
10100 1059
10000 1060
9900 1061
9800 1062
9900 1063
9800 1064
9900 1065
10000 1066
9900 1067
10000 1068
9900 1069
9800 1070
9700 1071
9600 1072
9500 1073
9400 1074
9500 1075
9400 1076
9500 1077
9600 1078
9500 1079
9400 1080
9300 1081
9200 1082
9100 1083
9000 1084
9100 1085
9200 1086
9300 1087
9400 1088
9500 1089
9600 1090
9500 1091
9400 1092
9300 1093
9200 1094
9100 1095
9000 1096
8900 1097
8800 1098
8700 1099
8600 1100
8700 1101
8800 1102
8700 1103
8800 1104
8900 1105
8800 1106
8900 1107
9000 1108
9100 1109
9000 1110
9100 1111
9200 1112
9300 1113
9200 1114
9100 1115
9000 1116
8900 1117
9000 1118
8900 1119
9000 1120
8900 1121
8800 1122
8700 1123
8800 1124
8900 1125
8800 1126
8900 1127
9000 1128
8900 1129
9000 1130
8900 1131
8800 1132
8900 1133
8800 1134
8900 1135
9000 1136
9100 1137
9200 1138
9100 1139
9200 1140
9300 1141
9200 1142
9300 1143
9400 1144
9300 1145
9200 1146
9100 1147
9000 1148
8900 1149
9000 1150
8900 1151
9000 1152
9100 1153
9000 1154
8900 1155
9000 1156
8900 1157
8800 1158
8900 1159
8800 1160
8700 1161
8600 1162
8700 1163
8600 1164
8700 1165
8600 1166
8700 1167
8800 1168
8900 1169
9000 1170
8900 1171
9000 1172
8900 1173
8800 1174
8700 1175
8600 1176
8500 1177
8400 1178
8500 1179
8400 1180
8300 1181
8400 1182
8300 1183
8200 1184
8100 1185
8200 1186
8100 1187
8200 1188
8100 1189
8200 1190
8100 1191
8000 1192
7900 1193
7800 1194
7700 1195
7800 1196
7900 1197
7800 1198
7700 1199
7800 1200
7900 1201
8000 1202
8100 1203
8000 1204
8100 1205
8200 1206
8100 1207
8000 1208
8100 1209
8000 1210
8100 1211
8000 1212
8100 1213
8000 1214
8100 1215
8200 1216
8300 1217
8400 1218
8300 1219
8200 1220
8100 1221
8000 1222
7900 1223
7800 1224
7700 1225
7600 1226
7500 1227
7600 1228
7700 1229
7600 1230
7700 1231
7800 1232
7700 1233
7800 1234
7900 1235
8000 1236
8100 1237
8200 1238
8100 1239
8000 1240
8100 1241
8000 1242
7900 1243
8000 1244
8100 1245
8200 1246
8100 1247
8200 1248
8300 1249
8200 1250
8300 1251
8400 1252
8300 1253
8200 1254
8100 1255
8000 1256
7900 1257
8000 1258
7900 1259
7800 1260
7700 1261
7600 1262
7500 1263
7600 1264
7700 1265
7600 1266
7700 1267
7600 1268
7700 1269
7600 1270
7700 1271
7600 1272
7500 1273
7600 1274
7500 1275
7400 1276
7300 1277
7400 1278
7500 1279
7400 1280
7300 1281
7400 1282
7500 1283
7400 1284
7300 1285
7400 1286
7300 1287
7200 1288
7100 1289
7200 1290
7100 1291
7000 1292
6900 1293
7000 1294
7100 1295
7200 1296
7100 1297
7200 1298
7300 1299
7200 1300
7300 1301
7200 1302
7300 1303
7400 1304
7500 1305
7600 1306
7500 1307
7600 1308
7500 1309
7400 1310
7500 1311
7600 1312
7700 1313
7800 1314
7700 1315
7800 1316
7700 1317
7600 1318
7700 1319
7600 1320
7700 1321
7800 1322
7900 1323
8000 1324
7900 1325
7800 1326
7900 1327
7800 1328
7700 1329
7800 1330
7900 1331
8000 1332
8100 1333
8200 1334
8100 1335
8200 1336
8100 1337
8000 1338
8100 1339
8000 1340
8100 1341
8200 1342
8300 1343
8400 1344
8500 1345
8400 1346
8300 1347
8200 1348
8100 1349
8000 1350
7900 1351
8000 1352
7900 1353
8000 1354
7900 1355
7800 1356
7900 1357
8000 1358
8100 1359
8000 1360
8100 1361
8200 1362
8300 1363
8200 1364
8100 1365
8200 1366
8300 1367
8200 1368
8100 1369
8200 1370
8300 1371
8200 1372
8100 1373
8200 1374
8100 1375
8000 1376
8100 1377
8200 1378
8100 1379
8200 1380
8300 1381
8200 1382
8300 1383
8200 1384
8300 1385
8200 1386
8300 1387
8400 1388
8500 1389
8600 1390
8700 1391
8600 1392
8500 1393
8400 1394
8500 1395
8600 1396
8500 1397
8600 1398
8700 1399
8800 1400
8900 1401
9000 1402
8900 1403
9000 1404
9100 1405
9200 1406
9300 1407
9400 1408
9300 1409
9200 1410
9300 1411
9200 1412
9300 1413
9200 1414
9300 1415
9200 1416
9100 1417
9200 1418
9100 1419
9000 1420
9100 1421
9000 1422
9100 1423
9200 1424
9300 1425
9400 1426
9300 1427
9400 1428
9500 1429
9600 1430
9500 1431
9400 1432
9500 1433
9600 1434
9500 1435
9400 1436
9500 1437
9400 1438
9500 1439
9400 1440
9500 1441
9400 1442
9500 1443
9400 1444
9500 1445
9400 1446
9300 1447
9400 1448
9300 1449
9200 1450
9100 1451
9200 1452
9300 1453
9200 1454
9100 1455
9000 1456
9100 1457
9200 1458
9300 1459
9400 1460
9300 1461
9200 1462
9300 1463
9400 1464
9300 1465
9400 1466
9500 1467
9400 1468
9500 1469
9600 1470
9700 1471
9800 1472
9900 1473
9800 1474
9900 1475
10000 1476
9900 1477
10000 1478
10100 1479
10200 1480
10300 1481
10200 1482
10100 1483
10000 1484
9900 1485
9800 1486
9700 1487
9800 1488
9700 1489
9800 1490
9700 1491
9800 1492
9900 1493
9800 1494
9900 1495
9800 1496
9700 1497
9600 1498
9700 1499
9800 1500
9700 1501
9600 1502
9500 1503
9400 1504
9300 1505
9400 1506
9500 1507
9600 1508
9700 1509
9800 1510
9700 1511
9600 1512
9700 1513
9600 1514
9700 1515
9600 1516
9500 1517
9400 1518
9500 1519
9600 1520
9500 1521
9400 1522
9500 1523
9600 1524
9500 1525
9400 1526
9300 1527
9200 1528
9100 1529
9200 1530
9300 1531
9200 1532
9300 1533
9200 1534
9300 1535
9200 1536
9300 1537
9200 1538
9300 1539
9200 1540
9300 1541
9200 1542
9300 1543
9200 1544
9300 1545
9400 1546
9300 1547
9400 1548
9300 1549
9200 1550
9100 1551
9000 1552
9100 1553
9200 1554
9300 1555
9200 1556
9300 1557
9200 1558
9300 1559
9200 1560
9100 1561
9000 1562
9100 1563
9200 1564
9100 1565
9200 1566
9100 1567
9000 1568
8900 1569
8800 1570
8900 1571
9000 1572
8900 1573
8800 1574
8900 1575
8800 1576
8900 1577
9000 1578
8900 1579
8800 1580
8900 1581
8800 1582
8700 1583
8600 1584
8500 1585
8400 1586
8500 1587
8600 1588
8700 1589
8800 1590
8700 1591
8800 1592
8700 1593
8800 1594
8900 1595
8800 1596
8900 1597
8800 1598
8700 1599
8600 1600
8700 1601
8800 1602
8900 1603
8800 1604
8700 1605
8800 1606
8700 1607
8800 1608
8900 1609
8800 1610
8900 1611
9000 1612
9100 1613
9200 1614
9100 1615
9000 1616
8900 1617
8800 1618
8900 1619
9000 1620
8900 1621
9000 1622
8900 1623
8800 1624
8900 1625
9000 1626
9100 1627
9200 1628
9300 1629
9400 1630
9300 1631
9400 1632
9300 1633
9200 1634
9300 1635
9200 1636
9100 1637
9000 1638
9100 1639
9000 1640
8900 1641
8800 1642
8900 1643
8800 1644
8700 1645
8800 1646
8700 1647
8800 1648
8900 1649
9000 1650
9100 1651
9000 1652
8900 1653
9000 1654
8900 1655
8800 1656
8700 1657
8600 1658
8500 1659
8400 1660
8500 1661
8600 1662
8700 1663
8800 1664
8700 1665
8800 1666
8700 1667
8800 1668
8900 1669
8800 1670
8900 1671
9000 1672
8900 1673
8800 1674
8700 1675
8800 1676
8700 1677
8800 1678
8700 1679
8600 1680
8700 1681
8800 1682
8700 1683
8600 1684
8500 1685
8600 1686
8500 1687
8400 1688
8500 1689
8400 1690
8500 1691
8600 1692
8500 1693
8600 1694
8500 1695
8600 1696
8500 1697
8400 1698
8500 1699
8600 1700
8500 1701
8600 1702
8700 1703
8800 1704
8900 1705
9000 1706
8900 1707
8800 1708
8900 1709
9000 1710
8900 1711
8800 1712
8900 1713
9000 1714
9100 1715
9000 1716
9100 1717
9000 1718
8900 1719
9000 1720
8900 1721
9000 1722
8900 1723
8800 1724
8700 1725
8800 1726
8700 1727
8800 1728
8900 1729
9000 1730
8900 1731
9000 1732
8900 1733
9000 1734
9100 1735
9200 1736
9100 1737
9200 1738
9100 1739
9200 1740
9300 1741
9200 1742
9300 1743
9400 1744
9500 1745
9600 1746
9500 1747
9600 1748
9500 1749
9400 1750
9300 1751
9400 1752
9300 1753
9200 1754
9100 1755
9000 1756
8900 1757
9000 1758
8900 1759
8800 1760
8700 1761
8600 1762
8700 1763
8600 1764
8700 1765
8800 1766
8900 1767
8800 1768
8700 1769
8800 1770
8700 1771
8800 1772
8900 1773
9000 1774
9100 1775
9200 1776
9300 1777
9400 1778
9300 1779
9200 1780
9300 1781
9200 1782
9300 1783
9200 1784
9100 1785
9000 1786
9100 1787
9200 1788
9100 1789
9200 1790
9100 1791
9000 1792
8900 1793
9000 1794
8900 1795
8800 1796
8900 1797
9000 1798
9100 1799
9000 1800
8900 1801
8800 1802
8700 1803
8800 1804
8900 1805
9000 1806
8900 1807
9000 1808
9100 1809
9200 1810
9300 1811
9200 1812
9300 1813
9400 1814
9300 1815
9400 1816
9500 1817
9400 1818
9500 1819
9600 1820
9500 1821
9600 1822
9700 1823
9800 1824
9700 1825
9800 1826
9700 1827
9600 1828
9700 1829
9600 1830
9500 1831
9600 1832
9700 1833
9800 1834
9900 1835
10000 1836
10100 1837
10200 1838
10300 1839
10200 1840
10100 1841
10000 1842
9900 1843
9800 1844
9700 1845
9800 1846
9700 1847
9800 1848
9900 1849
9800 1850
9900 1851
9800 1852
9700 1853
9600 1854
9700 1855
9600 1856
9500 1857
9400 1858
9300 1859
9200 1860
9100 1861
9200 1862
9100 1863
9200 1864
9100 1865
9200 1866
9100 1867
9200 1868
9100 1869
9200 1870
9100 1871
9000 1872
9100 1873
9000 1874
8900 1875
9000 1876
8900 1877
8800 1878
8900 1879
9000 1880
9100 1881
9000 1882
9100 1883
9200 1884
9100 1885
9000 1886
9100 1887
9000 1888
8900 1889
9000 1890
9100 1891
9200 1892
9100 1893
9200 1894
9300 1895
9400 1896
9500 1897
9600 1898
9500 1899
9600 1900
9500 1901
9600 1902
9700 1903
9800 1904
9900 1905
10000 1906
9900 1907
9800 1908
9700 1909
9800 1910
9700 1911
9600 1912
9700 1913
9600 1914
9700 1915
9800 1916
9700 1917
9800 1918
9700 1919
9600 1920
9700 1921
9600 1922
9500 1923
9600 1924
9500 1925
9400 1926
9500 1927
9600 1928
9700 1929
9800 1930
9900 1931
10000 1932
10100 1933
10000 1934
9900 1935
10000 1936
10100 1937
10000 1938
10100 1939
10000 1940
9900 1941
9800 1942
9700 1943
9800 1944
9700 1945
9800 1946
9700 1947
9800 1948
9700 1949
9800 1950
9900 1951
10000 1952
10100 1953
10200 1954
10100 1955
10000 1956
9900 1957
9800 1958
9700 1959
9800 1960
9700 1961
9600 1962
9700 1963
9800 1964
9900 1965
10000 1966
10100 1967
10000 1968
10100 1969
10000 1970
9900 1971
10000 1972
10100 1973
10000 1974
9900 1975
10000 1976
9900 1977
9800 1978
9700 1979
9600 1980
9700 1981
9800 1982
9900 1983
9800 1984
9700 1985
9800 1986
9900 1987
10000 1988
10100 1989
10000 1990
9900 1991
9800 1992
9700 1993
9800 1994
9700 1995
9800 1996
9700 1997
9800 1998
9900 1999
10000 2000
9900 2001
9800 2002
9700 2003
9600 2004
9700 2005
9600 2006
9700 2007
9600 2008
9700 2009
9800 2010
9700 2011
9600 2012
9500 2013
9400 2014
9300 2015
9400 2016
9300 2017
9200 2018
9100 2019
9200 2020
9300 2021
9400 2022
9500 2023
9600 2024
9700 2025
9600 2026
9700 2027
9800 2028
9900 2029
9800 2030
9900 2031
9800 2032
9900 2033
10000 2034
9900 2035
9800 2036
9900 2037
9800 2038
9900 2039
10000 2040
10100 2041
10000 2042
10100 2043
10200 2044
10100 2045
10200 2046
10100 2047
10200 2048
10300 2049
10400 2050
10300 2051
10400 2052
10300 2053
10200 2054
10300 2055
10400 2056
10300 2057
10200 2058
10100 2059
10200 2060
10100 2061
10200 2062
10300 2063
10400 2064
10300 2065
10400 2066
10300 2067
10200 2068
10300 2069
10400 2070
10300 2071
10200 2072
10100 2073
10200 2074
10300 2075
10200 2076
10100 2077
10200 2078
10300 2079
10200 2080
10100 2081
10200 2082
10300 2083
10400 2084
10300 2085
10200 2086
10100 2087
10200 2088
10100 2089
10000 2090
9900 2091
10000 2092
10100 2093
10200 2094
10300 2095
10400 2096
10500 2097
10400 2098
10300 2099
10400 2100
10500 2101
10600 2102
10500 2103
10600 2104
10700 2105
10600 2106
10700 2107
10600 2108
10500 2109
10600 2110
10500 2111
10600 2112
10700 2113
10800 2114
10900 2115
10800 2116
10900 2117
10800 2118
10700 2119
10800 2120
10700 2121
10800 2122
10700 2123
10600 2124
10700 2125
10800 2126
10700 2127
10800 2128
10700 2129
10600 2130
10500 2131
10600 2132
10700 2133
10800 2134
10700 2135
10800 2136
10700 2137
10800 2138
10700 2139
10800 2140
10900 2141
11000 2142
11100 2143
11200 2144
11300 2145
11200 2146
11300 2147
11400 2148
11300 2149
11200 2150
11300 2151
11400 2152
11300 2153
11400 2154
11300 2155
11400 2156
11300 2157
11400 2158
11300 2159
11400 2160
11500 2161
11600 2162
11700 2163
11800 2164
11900 2165
11800 2166
11700 2167
11600 2168
11500 2169
11600 2170
11500 2171
11400 2172
11300 2173
11200 2174
11300 2175
11400 2176
11300 2177
11200 2178
11100 2179
11200 2180
11300 2181
11400 2182
11500 2183
11600 2184
11500 2185
11600 2186
11700 2187
11800 2188
11700 2189
11600 2190
11700 2191
11600 2192
11700 2193
11600 2194
11500 2195
11600 2196
11700 2197
11600 2198
11500 2199
11600 2200
11700 2201
11800 2202
11700 2203
11600 2204
11500 2205
11400 2206
11300 2207
11400 2208
11500 2209
11400 2210
11300 2211
11200 2212
11300 2213
11200 2214
11300 2215
11200 2216
11300 2217
11400 2218
11300 2219
11400 2220
11500 2221
11600 2222
11700 2223
11800 2224
11700 2225
11600 2226
11500 2227
11600 2228
11500 2229
11600 2230
11700 2231
11600 2232
11500 2233
11600 2234
11700 2235
11800 2236
11700 2237
11600 2238
11500 2239
11400 2240
11300 2241
11200 2242
11300 2243
11200 2244
11300 2245
11200 2246
11100 2247
11000 2248
11100 2249
11000 2250
11100 2251
11200 2252
11100 2253
11200 2254
11300 2255
11400 2256
11300 2257
11400 2258
11500 2259
11400 2260
11500 2261
11400 2262
11500 2263
11600 2264
11500 2265
11600 2266
11700 2267
11800 2268
11700 2269
11600 2270
11700 2271
11600 2272
11500 2273
11600 2274
11500 2275
11400 2276
11300 2277
11400 2278
11300 2279
11400 2280
11300 2281
11200 2282
11300 2283
11400 2284
11300 2285
11400 2286
11500 2287
11400 2288
11500 2289
11600 2290
11700 2291
11800 2292
11700 2293
11600 2294
11700 2295
11800 2296
11700 2297
11800 2298
11900 2299
12000 2300
11900 2301
11800 2302
11900 2303
11800 2304
11900 2305
12000 2306
12100 2307
12200 2308
12100 2309
12000 2310
11900 2311
11800 2312
11900 2313
11800 2314
11700 2315
11600 2316
11700 2317
11600 2318
11700 2319
11600 2320
11700 2321
11600 2322
11700 2323
11800 2324
11900 2325
12000 2326
11900 2327
11800 2328
11900 2329
12000 2330
12100 2331
12200 2332
12300 2333
12200 2334
12100 2335
12200 2336
12300 2337
12400 2338
12300 2339
12200 2340
12100 2341
12200 2342
12300 2343
12200 2344
12300 2345
12400 2346
12300 2347
12400 2348
12300 2349
12400 2350
12300 2351
12200 2352
12300 2353
12400 2354
12300 2355
12200 2356
12100 2357
12200 2358
12300 2359
12200 2360
12300 2361
12400 2362
12500 2363
12600 2364
12700 2365
12800 2366
12900 2367
13000 2368
12900 2369
12800 2370
12700 2371
12800 2372
12900 2373
12800 2374
12700 2375
12800 2376
12900 2377
13000 2378
12900 2379
13000 2380
12900 2381
12800 2382
12900 2383
13000 2384
12900 2385
12800 2386
12700 2387
12800 2388
12900 2389
12800 2390
12700 2391
12800 2392
12700 2393
12800 2394
12700 2395
12800 2396
12700 2397
12800 2398
12900 2399
12800 2400
12700 2401
12800 2402
12700 2403
12600 2404
12700 2405
12600 2406
12500 2407
12400 2408
12300 2409
12400 2410
12300 2411
12200 2412
12100 2413
12000 2414
12100 2415
12200 2416
12300 2417
12200 2418
12300 2419
12400 2420
12500 2421
12400 2422
12500 2423
12400 2424
12500 2425
12400 2426
12300 2427
12400 2428
12500 2429
12400 2430
12300 2431
12400 2432
12500 2433
12400 2434
12500 2435
12400 2436
12300 2437
12200 2438
12300 2439
12400 2440
12300 2441
12200 2442
12300 2443
12200 2444
12100 2445
12200 2446
12100 2447
12000 2448
11900 2449
12000 2450
12100 2451
12000 2452
12100 2453
12000 2454
12100 2455
12000 2456
12100 2457
12200 2458
12300 2459
12200 2460
12100 2461
12200 2462
12300 2463
12400 2464
12500 2465
12600 2466
12700 2467
12600 2468
12500 2469
12400 2470
12500 2471
12600 2472
12700 2473
12600 2474
12500 2475
12600 2476
12500 2477
12400 2478
12500 2479
12400 2480
12300 2481
12200 2482
12300 2483
12200 2484
12300 2485
12400 2486
12500 2487
12400 2488
12500 2489
12600 2490
12700 2491
12600 2492
12700 2493
12800 2494
12900 2495
12800 2496
12700 2497
12600 2498
12700 2499
12600 2500
12700 2501
12800 2502
12700 2503
12600 2504
12700 2505
12600 2506
12700 2507
12600 2508
12700 2509
12600 2510
12500 2511
12600 2512
12500 2513
12600 2514
12700 2515
12600 2516
12700 2517
12600 2518
12700 2519
12600 2520
12500 2521
12600 2522
12700 2523
12600 2524
12500 2525
12400 2526
12300 2527
12200 2528
12100 2529
12000 2530
12100 2531
12000 2532
12100 2533
12200 2534
12300 2535
12400 2536
12300 2537
12200 2538
12100 2539
12000 2540
11900 2541
11800 2542
11900 2543
12000 2544
11900 2545
12000 2546
11900 2547
11800 2548
11700 2549
11600 2550
11700 2551
11800 2552
11700 2553
11800 2554
11900 2555
11800 2556
11900 2557
12000 2558
11900 2559
11800 2560
11900 2561
11800 2562
11700 2563
11800 2564
11900 2565
11800 2566
11900 2567
11800 2568
11700 2569
11600 2570
11700 2571
11600 2572
11700 2573
11600 2574
11700 2575
11800 2576
11700 2577
11600 2578
11500 2579
11400 2580
11500 2581
11400 2582
11300 2583
11400 2584
11300 2585
11200 2586
11100 2587
11200 2588
11100 2589
11000 2590
11100 2591
11000 2592
10900 2593
10800 2594
10700 2595
10600 2596
10500 2597
10400 2598
10500 2599
10400 2600
10500 2601
10600 2602
10500 2603
10400 2604
10300 2605
10400 2606
10500 2607
10400 2608
10500 2609
10400 2610
10500 2611
10600 2612
10500 2613
10400 2614
10500 2615
10400 2616
10500 2617
10600 2618
10500 2619
10600 2620
10700 2621
10600 2622
10500 2623
10400 2624
10500 2625
10400 2626
10300 2627
10200 2628
10100 2629
10200 2630
10300 2631
10200 2632
10100 2633
10000 2634
9900 2635
9800 2636
9700 2637
9800 2638
9700 2639
9600 2640
9700 2641
9600 2642
9700 2643
9800 2644
9900 2645
9800 2646
9700 2647
9600 2648
9500 2649
9600 2650
9500 2651
9600 2652
9500 2653
9400 2654
9300 2655
9200 2656
9100 2657
9200 2658
9300 2659
9200 2660
9300 2661
9200 2662
9300 2663
9400 2664
9500 2665
9600 2666
9700 2667
9800 2668
9900 2669
9800 2670
9900 2671
10000 2672
9900 2673
10000 2674
9900 2675
9800 2676
9700 2677
9600 2678
9700 2679
9600 2680
9500 2681
9600 2682
9700 2683
9600 2684
9700 2685
9600 2686
9700 2687
9600 2688
9700 2689
9800 2690
9900 2691
9800 2692
9900 2693
9800 2694
9900 2695
10000 2696
9900 2697
10000 2698
9900 2699
10000 2700
10100 2701
10200 2702
10100 2703
10200 2704
10100 2705
10200 2706
10300 2707
10400 2708
10500 2709
10600 2710
10500 2711
10600 2712
10500 2713
10400 2714
10300 2715
10400 2716
10300 2717
10200 2718
10300 2719
10200 2720
10300 2721
10200 2722
10300 2723
10400 2724
10300 2725
10400 2726
10300 2727
10200 2728
10300 2729
10200 2730
10100 2731
10000 2732
10100 2733
10200 2734
10100 2735
10000 2736
10100 2737
10000 2738
9900 2739
10000 2740
10100 2741
10200 2742
10100 2743
10000 2744
9900 2745
9800 2746
9700 2747
9600 2748
9700 2749
9600 2750
9500 2751
9600 2752
9500 2753
9600 2754
9700 2755
9800 2756
9900 2757
10000 2758
9900 2759
9800 2760
9700 2761
9800 2762
9700 2763
9800 2764
9900 2765
9800 2766
9900 2767
10000 2768
9900 2769
9800 2770
9900 2771
10000 2772
9900 2773
9800 2774
9700 2775
9600 2776
9500 2777
9600 2778
9500 2779
9400 2780
9500 2781
9600 2782
9500 2783
9600 2784
9700 2785
9800 2786
9700 2787
9800 2788
9900 2789
9800 2790
9900 2791
9800 2792
9900 2793
9800 2794
9900 2795
9800 2796
9700 2797
9800 2798
9900 2799
9800 2800
9700 2801
9800 2802
9700 2803
9600 2804
9700 2805
9800 2806
9700 2807
9600 2808
9700 2809
9600 2810
9500 2811
9400 2812
9300 2813
9200 2814
9100 2815
9200 2816
9100 2817
9000 2818
9100 2819
9000 2820
9100 2821
9000 2822
8900 2823
9000 2824
8900 2825
8800 2826
8700 2827
8800 2828
8700 2829
8800 2830
8700 2831
8800 2832
8900 2833
8800 2834
8900 2835
9000 2836
9100 2837
9000 2838
8900 2839
8800 2840
8700 2841
8600 2842
8700 2843
8600 2844
8500 2845
8400 2846
8500 2847
8600 2848
8700 2849
8800 2850
8700 2851
8800 2852
8700 2853
8800 2854
8700 2855
8600 2856
8500 2857
8400 2858
8300 2859
8200 2860
8300 2861
8200 2862
8100 2863
8200 2864
8300 2865
8400 2866
8500 2867
8600 2868
8500 2869
8400 2870
8300 2871
8200 2872
8100 2873
8200 2874
8100 2875
8200 2876
8300 2877
8400 2878
8300 2879
8400 2880
8500 2881
8600 2882
8700 2883
8800 2884
8900 2885
9000 2886
8900 2887
9000 2888
9100 2889
9000 2890
9100 2891
9200 2892
9100 2893
9000 2894
8900 2895
9000 2896
9100 2897
9000 2898
8900 2899
8800 2900
8900 2901
9000 2902
9100 2903
9000 2904
8900 2905
8800 2906
8700 2907
8800 2908
8900 2909
9000 2910
8900 2911
8800 2912
8700 2913
8800 2914
8900 2915
9000 2916
8900 2917
9000 2918
8900 2919
9000 2920
8900 2921
8800 2922
8700 2923
8600 2924
8500 2925
8400 2926
8500 2927
8400 2928
8500 2929
8400 2930
8500 2931
8600 2932
8700 2933
8600 2934
8700 2935
8600 2936
8700 2937
8600 2938
8500 2939
8400 2940
8300 2941
8400 2942
8300 2943
8200 2944
8300 2945
8200 2946
8300 2947
8400 2948
8500 2949
8400 2950
8500 2951
8600 2952
8500 2953
8400 2954
8500 2955
8600 2956
8500 2957
8600 2958
8700 2959
8800 2960
8700 2961
8600 2962
8500 2963
8600 2964
8500 2965
8400 2966
8500 2967
8400 2968
8500 2969
8400 2970
8300 2971
8400 2972
8500 2973
8600 2974
8700 2975
8800 2976
8900 2977
8800 2978
8700 2979
8800 2980
8700 2981
8800 2982
8900 2983
9000 2984
9100 2985
9200 2986
9300 2987
9200 2988
9100 2989
9200 2990
9100 2991
9200 2992
9300 2993
9400 2994
9300 2995
9200 2996
9300 2997
9400 2998
9300 2999
9200 3000
9100 3001
9200 3002
9300 3003
9400 3004
9500 3005
9400 3006
9500 3007
9600 3008
9500 3009
9600 3010
9500 3011
9600 3012
9500 3013
9400 3014
9300 3015
9200 3016
9300 3017
9400 3018
9500 3019
9400 3020
9300 3021
9400 3022
9500 3023
9600 3024
9700 3025
9800 3026
9900 3027
10000 3028
10100 3029
10000 3030
9900 3031
10000 3032
10100 3033
10200 3034
10100 3035
10000 3036
9900 3037
10000 3038
9900 3039
10000 3040
10100 3041
10000 3042
9900 3043
10000 3044
9900 3045
9800 3046
9700 3047
9600 3048
9700 3049
9600 3050
9700 3051
9600 3052
9700 3053
9600 3054
9700 3055
9600 3056
9500 3057
9600 3058
9500 3059
9400 3060
9300 3061
9200 3062
9300 3063
9400 3064
9300 3065
9200 3066
9300 3067
9400 3068
9300 3069
9200 3070
9100 3071
9200 3072
9100 3073
9200 3074
9300 3075
9400 3076
9300 3077
9200 3078
9100 3079
9200 3080
9100 3081
9200 3082
9100 3083
9200 3084
9100 3085
9000 3086
8900 3087
8800 3088
8700 3089
8600 3090
8700 3091
8800 3092
8700 3093
8600 3094
8500 3095
8600 3096
8500 3097
8400 3098
8500 3099
8400 3100
8500 3101
8400 3102
8300 3103
8200 3104
8100 3105
8200 3106
8300 3107
8200 3108
8300 3109
8400 3110
8300 3111
8400 3112
8500 3113
8600 3114
8500 3115
8600 3116
8500 3117
8600 3118
8700 3119
8600 3120
8500 3121
8600 3122
8500 3123
8600 3124
8500 3125
8400 3126
8300 3127
8200 3128
8100 3129
8000 3130
7900 3131
7800 3132
7700 3133
7600 3134
7700 3135
7600 3136
7700 3137
7800 3138
7900 3139
8000 3140
8100 3141
8000 3142
8100 3143
8000 3144
8100 3145
8000 3146
7900 3147
7800 3148
7700 3149
7800 3150
7900 3151
8000 3152
8100 3153
8200 3154
8300 3155
8200 3156
8100 3157
8200 3158
8100 3159
8000 3160
8100 3161
8000 3162
8100 3163
8200 3164
8300 3165
8400 3166
8500 3167
8400 3168
8300 3169
8200 3170
8100 3171
8000 3172
7900 3173
8000 3174
8100 3175
8200 3176
8100 3177
8000 3178
8100 3179
8000 3180
7900 3181
7800 3182
7700 3183
7600 3184
7500 3185
7400 3186
7500 3187
7400 3188
7300 3189
7400 3190
7300 3191
7400 3192
7500 3193
7600 3194
7700 3195
7600 3196
7700 3197
7800 3198
7700 3199
7800 3200
7900 3201
7800 3202
7900 3203
7800 3204
7700 3205
7800 3206
7700 3207
7800 3208
7700 3209
7600 3210
7500 3211
7600 3212
7700 3213
7600 3214
7700 3215
7800 3216
7700 3217
7600 3218
7700 3219
7600 3220
7700 3221
7800 3222
7700 3223
7800 3224
7700 3225
7800 3226
7900 3227
7800 3228
7900 3229
8000 3230
7900 3231
7800 3232
7700 3233
7800 3234
7700 3235
7800 3236
7700 3237
7600 3238
7500 3239
7600 3240
7700 3241
7800 3242
7900 3243
8000 3244
7900 3245
7800 3246
7700 3247
7600 3248
7700 3249
7600 3250
7700 3251
7600 3252
7700 3253
7800 3254
7900 3255
8000 3256
7900 3257
7800 3258
7900 3259
7800 3260
7900 3261
8000 3262
7900 3263
8000 3264
8100 3265
8200 3266
8100 3267
8000 3268
8100 3269
8200 3270
8300 3271
8200 3272
8300 3273
8200 3274
8100 3275
8000 3276
8100 3277
8200 3278
8300 3279
8200 3280
8300 3281
8200 3282
8100 3283
8200 3284
8100 3285
8000 3286
7900 3287
7800 3288
7700 3289
7600 3290
7500 3291
7400 3292
7500 3293
7400 3294
7300 3295
7200 3296
7100 3297
7200 3298
7300 3299
7200 3300
7100 3301
7000 3302
6900 3303
6800 3304
6700 3305
6600 3306
6700 3307
6600 3308
6500 3309
6600 3310
6700 3311
6800 3312
6700 3313
6600 3314
6500 3315
6600 3316
6700 3317
6800 3318
6700 3319
6800 3320
6900 3321
7000 3322
6900 3323
6800 3324
6900 3325
7000 3326
6900 3327
7000 3328
6900 3329
6800 3330
6900 3331
6800 3332
6700 3333
6800 3334
6900 3335
7000 3336
6900 3337
6800 3338
6900 3339
6800 3340
6900 3341
7000 3342
7100 3343
7000 3344
7100 3345
7000 3346
6900 3347
7000 3348
6900 3349
6800 3350
6700 3351
6600 3352
6500 3353
6600 3354
6700 3355
6600 3356
6500 3357
6600 3358
6500 3359
6400 3360
6500 3361
6400 3362
6300 3363
6400 3364
6300 3365
6400 3366
6500 3367
6400 3368
6300 3369
6400 3370
6500 3371
6600 3372
6500 3373
6600 3374
6500 3375
6400 3376
6500 3377
6600 3378
6500 3379
6600 3380
6500 3381
6600 3382
6500 3383
6400 3384
6500 3385
6600 3386
6700 3387
6600 3388
6700 3389
6600 3390
6700 3391
6600 3392
6700 3393
6800 3394
6900 3395
6800 3396
6900 3397
7000 3398
6900 3399
6800 3400
6700 3401
6600 3402
6500 3403
6600 3404
6700 3405
6600 3406
6700 3407
6800 3408
6900 3409
7000 3410
6900 3411
6800 3412
6700 3413
6800 3414
6700 3415
6800 3416
6900 3417
7000 3418
7100 3419
7000 3420
7100 3421
7200 3422
7300 3423
7200 3424
7300 3425
7400 3426
7500 3427
7600 3428
7500 3429
7400 3430
7300 3431
7400 3432
7500 3433
7400 3434
7500 3435
7600 3436
7500 3437
7600 3438
7500 3439
7400 3440
7300 3441
7400 3442
7500 3443
7600 3444
7700 3445
7600 3446
7700 3447
7600 3448
7500 3449
7400 3450
7300 3451
7400 3452
7300 3453
7400 3454
7300 3455
7400 3456
7300 3457
7200 3458
7100 3459
7000 3460
6900 3461
7000 3462
7100 3463
7000 3464
7100 3465
7000 3466
7100 3467
7200 3468
7300 3469
7200 3470
7100 3471
7200 3472
7100 3473
7200 3474
7300 3475
7400 3476
7300 3477
7400 3478
7500 3479
7600 3480
7700 3481
7600 3482
7500 3483
7400 3484
7500 3485
7400 3486
7500 3487
7600 3488
7700 3489
7600 3490
7500 3491
7600 3492
7500 3493
7600 3494
7500 3495
7400 3496
7500 3497
7600 3498
7700 3499
7800 3500
7700 3501
7600 3502
7700 3503
7800 3504
7900 3505
7800 3506
7900 3507
7800 3508
7700 3509
7600 3510
7700 3511
7800 3512
7700 3513
7800 3514
7900 3515
8000 3516
7900 3517
7800 3518
7900 3519
7800 3520
7900 3521
8000 3522
7900 3523
7800 3524
7900 3525
7800 3526
7900 3527
8000 3528
7900 3529
8000 3530
7900 3531
7800 3532
7900 3533
8000 3534
8100 3535
8200 3536
8300 3537
8400 3538
8300 3539
8200 3540
8300 3541
8400 3542
8300 3543
8200 3544
8300 3545
8400 3546
8500 3547
8600 3548
8700 3549
8600 3550
8500 3551
8600 3552
8500 3553
8600 3554
8700 3555
8600 3556
8500 3557
8400 3558
8300 3559
8200 3560
8100 3561
8000 3562
8100 3563
8000 3564
7900 3565
7800 3566
7900 3567
7800 3568
7700 3569
7600 3570
7500 3571
7400 3572
7300 3573
7200 3574
7100 3575
7000 3576
7100 3577
7200 3578
7100 3579
7000 3580
6900 3581
6800 3582
6900 3583
6800 3584
6900 3585
6800 3586
6700 3587
6600 3588
6700 3589
6800 3590
6700 3591
6800 3592
6700 3593
6600 3594
6700 3595
6600 3596
6500 3597
6600 3598
6700 3599
6600 3600
6700 3601
6600 3602
6500 3603
6600 3604
6700 3605
6600 3606
6700 3607
6600 3608
6500 3609
6400 3610
6300 3611
6200 3612
6100 3613
6200 3614
6100 3615
6000 3616
6100 3617
6200 3618
6300 3619
6200 3620
6300 3621
6200 3622
6300 3623
6400 3624
6300 3625
6400 3626
6300 3627
6200 3628
6300 3629
6400 3630
6300 3631
6200 3632
6300 3633
6200 3634
6300 3635
6200 3636
6100 3637
6200 3638
6300 3639
6200 3640
6100 3641
6000 3642
6100 3643
6000 3644
6100 3645
6200 3646
6100 3647
6200 3648
6100 3649
6000 3650
6100 3651
6000 3652
6100 3653
6200 3654
6100 3655
6200 3656
6100 3657
6200 3658
6300 3659
6400 3660
6500 3661
6600 3662
6700 3663
6800 3664
6900 3665
7000 3666
7100 3667
7000 3668
7100 3669
7000 3670
6900 3671
6800 3672
6900 3673
6800 3674
6900 3675
7000 3676
6900 3677
6800 3678
6900 3679
7000 3680
6900 3681
6800 3682
6900 3683
6800 3684
6900 3685
7000 3686
6900 3687
7000 3688
6900 3689
6800 3690
6700 3691
6600 3692
6700 3693
6600 3694
6700 3695
6600 3696
6700 3697
6600 3698
6700 3699
6600 3700
6500 3701
6400 3702
6500 3703
6400 3704
6500 3705
6400 3706
6500 3707
6400 3708
6500 3709
6400 3710
6300 3711
6200 3712
6300 3713
6400 3714
6500 3715
6400 3716
6500 3717
6600 3718
6500 3719
6400 3720
6500 3721
6600 3722
6500 3723
6400 3724
6300 3725
6200 3726
6100 3727
6000 3728
6100 3729
6000 3730
6100 3731
6000 3732
6100 3733
6200 3734
6300 3735
6400 3736
6500 3737
6600 3738
6700 3739
6800 3740
6900 3741
6800 3742
6700 3743
6600 3744
6700 3745
6600 3746
6700 3747
6800 3748
6900 3749
6800 3750
6700 3751
6600 3752
6500 3753
6400 3754
6500 3755
6600 3756
6500 3757
6400 3758
6300 3759
6400 3760
6300 3761
6200 3762
6100 3763
6000 3764
5900 3765
6000 3766
5900 3767
5800 3768
5700 3769
5800 3770
5700 3771
5600 3772
5700 3773
5600 3774
5700 3775
5800 3776
5700 3777
5600 3778
5700 3779
5800 3780
5900 3781
5800 3782
5700 3783
5600 3784
5700 3785
5800 3786
5700 3787
5800 3788
5700 3789
5800 3790
5700 3791
5600 3792
5700 3793
5600 3794
5500 3795
5600 3796
5500 3797
5600 3798
5500 3799
5400 3800
5500 3801
5600 3802
5700 3803
5600 3804
5700 3805
5800 3806
5700 3807
5800 3808
5900 3809
5800 3810
5700 3811
5800 3812
5900 3813
5800 3814
5900 3815
5800 3816
5900 3817
5800 3818
5700 3819
5600 3820
5500 3821
5600 3822
5500 3823
5600 3824
5700 3825
5800 3826
5700 3827
5600 3828
5500 3829
5600 3830
5700 3831
5600 3832
5500 3833
5400 3834
5500 3835
5600 3836
5700 3837
5800 3838
5700 3839
5800 3840
5900 3841
5800 3842
5700 3843
5600 3844
5700 3845
5800 3846
5700 3847
5800 3848
5900 3849
5800 3850
5900 3851
5800 3852
5900 3853
5800 3854
5700 3855
5800 3856
5900 3857
6000 3858
5900 3859
5800 3860
5700 3861
5800 3862
5900 3863
5800 3864
5900 3865
6000 3866
5900 3867
6000 3868
6100 3869
6000 3870
6100 3871
6000 3872
6100 3873
6000 3874
5900 3875
6000 3876
6100 3877
6000 3878
5900 3879
6000 3880
6100 3881
6000 3882
6100 3883
6000 3884
5900 3885
6000 3886
6100 3887
6000 3888
5900 3889
5800 3890
5700 3891
5600 3892
5500 3893
5600 3894
5700 3895
5600 3896
5700 3897
5600 3898
5500 3899
5600 3900
5700 3901
5800 3902
5900 3903
6000 3904
6100 3905
6200 3906
6300 3907
6400 3908
6300 3909
6400 3910
6300 3911
6200 3912
6100 3913
6000 3914
5900 3915
6000 3916
6100 3917
6000 3918
5900 3919
5800 3920
5700 3921
5600 3922
5700 3923
5800 3924
5700 3925
5600 3926
5500 3927
5400 3928
5300 3929
5200 3930
5300 3931
5200 3932
5300 3933
5200 3934
5300 3935
5400 3936
5500 3937
5400 3938
5300 3939
5200 3940
5300 3941
5400 3942
5300 3943
5200 3944
5100 3945
5000 3946
5100 3947
5200 3948
5300 3949
5200 3950
5300 3951
5200 3952
5300 3953
5200 3954
5100 3955
5200 3956
5100 3957
5000 3958
4900 3959
4800 3960
4900 3961
4800 3962
4700 3963
4800 3964
4700 3965
4600 3966
4500 3967
4400 3968
4300 3969
4400 3970
4300 3971
4200 3972
4300 3973
4400 3974
4500 3975
4600 3976
4700 3977
4800 3978
4700 3979
4800 3980
4900 3981
4800 3982
4700 3983
4800 3984
4900 3985
4800 3986
4700 3987
4800 3988
4900 3989
5000 3990
5100 3991
5200 3992
5100 3993
5200 3994
5100 3995
5000 3996
4900 3997
5000 3998
5100 3999
5000 4000
5100 4001
5200 4002
5100 4003
5000 4004
4900 4005
4800 4006
4900 4007
5000 4008
5100 4009
5000 4010
5100 4011
5000 4012
5100 4013
5200 4014
5300 4015
5200 4016
5300 4017
5200 4018
5100 4019
5200 4020
5300 4021
5400 4022
5500 4023
5600 4024
5500 4025
5600 4026
5700 4027
5800 4028
5700 4029
5600 4030
5500 4031
5400 4032
5500 4033
5600 4034
5700 4035
5600 4036
5500 4037
5600 4038
5500 4039
5600 4040
5700 4041
5600 4042
5500 4043
5600 4044
5500 4045
5400 4046
5300 4047
5400 4048
5300 4049
5200 4050
5100 4051
5200 4052
5100 4053
5000 4054
5100 4055
5200 4056
5100 4057
5000 4058
4900 4059
4800 4060
4700 4061
4600 4062
4700 4063
4600 4064
4700 4065
4600 4066
4700 4067
4800 4068
4900 4069
5000 4070
5100 4071
5200 4072
5100 4073
5200 4074
5300 4075
5200 4076
5300 4077
5400 4078
5500 4079
5600 4080
5500 4081
5400 4082
5500 4083
5600 4084
5700 4085
5600 4086
5700 4087
5800 4088
5900 4089
5800 4090
5700 4091
5600 4092
5500 4093
5600 4094
5500 4095
5400 4096
5300 4097
5200 4098
5300 4099
5400 4100
5300 4101
5200 4102
5100 4103
5000 4104
5100 4105
5200 4106
5300 4107
5400 4108
5300 4109
5400 4110
5300 4111
5200 4112
5300 4113
5200 4114
5100 4115
5000 4116
5100 4117
5000 4118
5100 4119
5200 4120
5100 4121
5200 4122
5100 4123
5000 4124
4900 4125
5000 4126
4900 4127
5000 4128
4900 4129
4800 4130
4900 4131
4800 4132
4700 4133
4600 4134
4500 4135
4400 4136
4300 4137
4200 4138
4100 4139
4200 4140
4100 4141
4200 4142
4100 4143
4200 4144
4100 4145
4000 4146
3900 4147
3800 4148
3700 4149
3800 4150
3700 4151
3600 4152
3500 4153
3400 4154
3300 4155
3200 4156
3100 4157
3000 4158
3100 4159
3000 4160
3100 4161
3000 4162
2900 4163
2800 4164
2700 4165
2600 4166
2500 4167
2600 4168
2700 4169
2800 4170
2900 4171
2800 4172
2700 4173
2800 4174
2900 4175
2800 4176
2700 4177
2800 4178
2900 4179
3000 4180
2900 4181
2800 4182
2900 4183
2800 4184
2700 4185
2600 4186
2500 4187
2600 4188
2700 4189
2800 4190
2700 4191
2800 4192
2900 4193
3000 4194
2900 4195
3000 4196
3100 4197
3200 4198
3100 4199
3000 4200
2900 4201
3000 4202
2900 4203
2800 4204
2700 4205
2800 4206
2900 4207
3000 4208
3100 4209
3200 4210
3100 4211
3200 4212
3300 4213
3400 4214
3500 4215
3400 4216
3300 4217
3200 4218
3100 4219
3200 4220
3100 4221
3000 4222
2900 4223
3000 4224
2900 4225
3000 4226
2900 4227
3000 4228
2900 4229
2800 4230
2900 4231
3000 4232
3100 4233
3200 4234
3100 4235
3200 4236
3100 4237
3200 4238
3100 4239
3000 4240
2900 4241
2800 4242
2900 4243
3000 4244
3100 4245
3200 4246
3300 4247
3400 4248
3500 4249
3400 4250
3300 4251
3400 4252
3300 4253
3400 4254
3500 4255
3400 4256
3300 4257
3200 4258
3100 4259
3000 4260
3100 4261
3000 4262
2900 4263
3000 4264
3100 4265
3200 4266
3300 4267
3400 4268
3300 4269
3200 4270
3300 4271
3400 4272
3300 4273
3200 4274
3100 4275
3200 4276
3300 4277
3400 4278
3500 4279
3600 4280
3500 4281
3600 4282
3700 4283
3600 4284
3700 4285
3600 4286
3500 4287
3600 4288
3700 4289
3600 4290
3500 4291
3600 4292
3500 4293
3600 4294
3500 4295
3400 4296
3500 4297
3400 4298
3500 4299
3600 4300
3700 4301
3800 4302
3700 4303
3600 4304
3700 4305
3600 4306
3500 4307
3400 4308
3500 4309
3600 4310
3500 4311
3400 4312
3300 4313
3200 4314
3300 4315
3200 4316
3300 4317
3200 4318
3100 4319
3000 4320
2900 4321
2800 4322
2700 4323
2800 4324
2900 4325
2800 4326
2900 4327
2800 4328
2700 4329
2600 4330
2700 4331
2600 4332
2500 4333
2600 4334
2500 4335
2600 4336
2700 4337
2800 4338
2700 4339
2600 4340
2700 4341
2800 4342
2900 4343
3000 4344
2900 4345
2800 4346
2700 4347
2800 4348
2700 4349
2800 4350
2900 4351
2800 4352
2700 4353
2600 4354
2700 4355
2600 4356
2700 4357
2600 4358
2700 4359
2600 4360
2500 4361
2400 4362
2500 4363
2400 4364
2500 4365
2600 4366
2700 4367
2800 4368
2700 4369
2600 4370
2700 4371
2600 4372
2700 4373
2800 4374
2900 4375
2800 4376
2700 4377
2600 4378
2500 4379
2400 4380
2500 4381
2600 4382
2500 4383
2400 4384
2300 4385
2200 4386
2100 4387
2200 4388
2100 4389
2200 4390
2100 4391
2000 4392
1900 4393
2000 4394
1900 4395
1800 4396
1700 4397
1800 4398
1900 4399
1800 4400
1900 4401
1800 4402
1900 4403
2000 4404
1900 4405
2000 4406
1900 4407
2000 4408
1900 4409
2000 4410
1900 4411
1800 4412
1700 4413
1600 4414
1700 4415
1600 4416
1500 4417
1400 4418
1500 4419
1600 4420
1700 4421
1800 4422
1700 4423
1600 4424
1500 4425
1600 4426
1700 4427
1800 4428
1700 4429
1800 4430
1700 4431
1800 4432
1900 4433
1800 4434
1900 4435
2000 4436
1900 4437
1800 4438
1900 4439
1800 4440
1900 4441
1800 4442
1700 4443
1600 4444
1700 4445
1600 4446
1500 4447
1400 4448
1300 4449
1400 4450
1500 4451
1400 4452
1500 4453
1400 4454
1300 4455
1200 4456
1100 4457
1000 4458
900 4459
800 4460
900 4461
1000 4462
900 4463
1000 4464
900 4465
800 4466
900 4467
800 4468
900 4469
1000 4470
1100 4471
1000 4472
1100 4473
1200 4474
1100 4475
1000 4476
900 4477
1000 4478
1100 4479
1200 4480
1300 4481
1200 4482
1300 4483
1400 4484
1300 4485
1200 4486
1300 4487
1400 4488
1500 4489
1600 4490
1700 4491
1600 4492
1500 4493
1600 4494
1500 4495
1400 4496
1300 4497
1200 4498
1100 4499
1200 4500
1100 4501
1000 4502
900 4503
800 4504
900 4505
1000 4506
900 4507
800 4508
900 4509
800 4510
900 4511
800 4512
700 4513
800 4514
700 4515
800 4516
900 4517
1000 4518
900 4519
800 4520
900 4521
800 4522
900 4523
800 4524
700 4525
800 4526
900 4527
1000 4528
1100 4529
1000 4530
1100 4531
1000 4532
900 4533
800 4534
900 4535
800 4536
900 4537
1000 4538
1100 4539
1000 4540
900 4541
800 4542
700 4543
600 4544
700 4545
600 4546
500 4547
400 4548
500 4549
600 4550
500 4551
600 4552
500 4553
400 4554
500 4555
600 4556
700 4557
600 4558
500 4559
600 4560
700 4561
600 4562
700 4563
800 4564
900 4565
1000 4566
900 4567
800 4568
700 4569
600 4570
700 4571
600 4572
700 4573
600 4574
700 4575
800 4576
900 4577
1000 4578
1100 4579
1200 4580
1300 4581
1200 4582
1300 4583
1400 4584
1300 4585
1400 4586
1300 4587
1200 4588
1300 4589
1200 4590
1100 4591
1200 4592
1300 4593
1200 4594
1100 4595
1200 4596
1100 4597
1000 4598
1100 4599
1200 4600
1300 4601
1400 4602
1500 4603
1400 4604
1300 4605
1400 4606
1300 4607
1400 4608
1500 4609
1600 4610
1500 4611
1400 4612
1300 4613
1400 4614
1500 4615
1600 4616
1500 4617
1400 4618
1500 4619
1600 4620
1500 4621
1600 4622
1500 4623
1400 4624
1300 4625
1400 4626
1500 4627
1600 4628
1700 4629
1600 4630
1700 4631
1600 4632
1700 4633
1600 4634
1700 4635
1600 4636
1700 4637
1800 4638
1900 4639
2000 4640
2100 4641
2200 4642
2100 4643
2000 4644
1900 4645
2000 4646
2100 4647
2200 4648
2100 4649
2200 4650
2100 4651
2000 4652
1900 4653
2000 4654
2100 4655
2200 4656
2300 4657
2400 4658
2500 4659
2400 4660
2300 4661
2400 4662
2500 4663
2600 4664
2500 4665
2600 4666
2500 4667
2400 4668
2300 4669
2200 4670
2300 4671
2200 4672
2300 4673
2400 4674
2500 4675
2600 4676
2500 4677
2400 4678
2500 4679
2600 4680
2500 4681
2600 4682
2500 4683
2400 4684
2300 4685
2400 4686
2300 4687
2200 4688
2100 4689
2200 4690
2300 4691
2200 4692
2100 4693
2000 4694
2100 4695
2200 4696
2300 4697
2400 4698
2500 4699
2400 4700
2300 4701
2200 4702
2300 4703
2200 4704
2100 4705
2000 4706
2100 4707
2000 4708
2100 4709
2200 4710
2100 4711
2200 4712
2300 4713
2200 4714
2100 4715
2000 4716
1900 4717
1800 4718
1700 4719
1800 4720
1700 4721
1800 4722
1700 4723
1800 4724
1700 4725
1800 4726
1700 4727
1800 4728
1700 4729
1800 4730
1700 4731
1800 4732
1900 4733
1800 4734
1900 4735
1800 4736
1700 4737
1800 4738
1900 4739
1800 4740
1900 4741
1800 4742
1700 4743
1800 4744
1900 4745
1800 4746
1700 4747
1800 4748
1900 4749
2000 4750
1900 4751
2000 4752
2100 4753
2200 4754
2100 4755
2000 4756
1900 4757
2000 4758
2100 4759
2000 4760
2100 4761
2000 4762
1900 4763
1800 4764
1700 4765
1600 4766
1500 4767
1600 4768
1700 4769
1800 4770
1900 4771
1800 4772
1900 4773
1800 4774
1700 4775
1600 4776
1700 4777
1600 4778
1700 4779
1800 4780
1900 4781
1800 4782
1900 4783
1800 4784
1900 4785
1800 4786
1900 4787
1800 4788
1700 4789
1800 4790
1700 4791
1600 4792
1700 4793
1800 4794
1700 4795
1600 4796
1500 4797
1400 4798
1500 4799
1600 4800
1700 4801
1600 4802
1500 4803
1600 4804
1500 4805
1600 4806
1700 4807
1800 4808
1900 4809
1800 4810
1700 4811
1800 4812
1900 4813
1800 4814
1900 4815
1800 4816
1900 4817
2000 4818
1900 4819
2000 4820
1900 4821
1800 4822
1700 4823
1800 4824
1700 4825
1600 4826
1500 4827
1400 4828
1500 4829
1600 4830
1500 4831
1600 4832
1700 4833
1600 4834
1500 4835
1600 4836
1700 4837
1600 4838
1500 4839
1600 4840
1700 4841
1600 4842
1700 4843
1800 4844
1900 4845
1800 4846
1900 4847
1800 4848
1700 4849
1800 4850
1700 4851
1600 4852
1500 4853
1400 4854
1500 4855
1600 4856
1500 4857
1600 4858
1700 4859
1800 4860
1700 4861
1800 4862
1900 4863
2000 4864
1900 4865
1800 4866
1900 4867
1800 4868
1700 4869
1800 4870
1900 4871
1800 4872
1700 4873
1600 4874
1700 4875
1800 4876
1900 4877
1800 4878
1900 4879
1800 4880
1900 4881
1800 4882
1900 4883
2000 4884
2100 4885
2200 4886
2100 4887
2200 4888
2100 4889
2200 4890
2300 4891
2200 4892
2100 4893
2200 4894
2100 4895
2200 4896
2300 4897
2200 4898
2100 4899
2200 4900
2100 4901
2200 4902
2300 4903
2400 4904
2500 4905
2600 4906
2700 4907
2600 4908
2700 4909
2800 4910
2700 4911
2600 4912
2700 4913
2800 4914
2900 4915
3000 4916
2900 4917
2800 4918
2700 4919
2600 4920
2500 4921
2400 4922
2300 4923
2200 4924
2300 4925
2400 4926
2300 4927
2400 4928
2300 4929
2400 4930
2500 4931
2600 4932
2500 4933
2600 4934
2700 4935
2600 4936
2500 4937
2400 4938
2300 4939
2400 4940
2300 4941
2400 4942
2300 4943
2200 4944
2100 4945
2000 4946
2100 4947
2200 4948
2300 4949
2400 4950
2300 4951
2200 4952
2100 4953
2000 4954
2100 4955
2200 4956
2100 4957
2000 4958
2100 4959
2000 4960
1900 4961
2000 4962
1900 4963
1800 4964
1900 4965
2000 4966
1900 4967
2000 4968
1900 4969
1800 4970
1900 4971
1800 4972
1900 4973
1800 4974
1900 4975
1800 4976
1700 4977
1600 4978
1500 4979
1600 4980
1700 4981
1600 4982
1700 4983
1800 4984
1700 4985
1600 4986
1700 4987
1800 4988
1900 4989
1800 4990
1900 4991
1800 4992
1700 4993
1800 4994
1900 4995
1800 4996
1700 4997
1600 4998
1500 4999
1600 5000
1500 5001
1600 5002
1700 5003
1600 5004
1700 5005
1800 5006
1700 5007
1800 5008
1900 5009
2000 5010
1900 5011
2000 5012
2100 5013
2000 5014
2100 5015
2000 5016
1900 5017
1800 5018
1700 5019
1600 5020
1700 5021
1600 5022
1700 5023
1800 5024
1900 5025
1800 5026
1700 5027
1800 5028
1700 5029
1800 5030
1900 5031
2000 5032
2100 5033
2000 5034
2100 5035
2000 5036
2100 5037
2000 5038
2100 5039
2200 5040
2100 5041
2000 5042
1900 5043
2000 5044
2100 5045
2000 5046
1900 5047
1800 5048
1900 5049
2000 5050
2100 5051
2000 5052
1900 5053
1800 5054
1700 5055
1600 5056
1500 5057
1600 5058
1700 5059
1800 5060
1700 5061
1600 5062
1700 5063
1600 5064
1700 5065
1800 5066
1900 5067
2000 5068
1900 5069
2000 5070
1900 5071
2000 5072
1900 5073
1800 5074
1700 5075
1600 5076
1500 5077
1600 5078
1700 5079
1600 5080
1500 5081
1400 5082
1300 5083
1200 5084
1100 5085
1000 5086
900 5087
800 5088
700 5089
800 5090
700 5091
800 5092
900 5093
1000 5094
1100 5095
1000 5096
1100 5097
1000 5098
900 5099
800 5100
700 5101
600 5102
500 5103
600 5104
500 5105
600 5106
500 5107
400 5108
500 5109
400 5110
500 5111
400 5112
300 5113
400 5114
300 5115
200 5116
100 5117
200 5118
300 5119
400 5120
500 5121
600 5122
500 5123
400 5124
500 5125
400 5126
500 5127
400 5128
500 5129
400 5130
300 5131
200 5132
100 5133
0 5134
