#Player 1 
#Money Round 
100100 1
100000 2
99900 3
99800 4
99700 5
99600 6
99500 7
99600 8
99500 9
99400 10
99300 11
99400 12
99500 13
99600 14
99500 15
99400 16
99300 17
99200 18
99300 19
99200 20
99100 21
99200 22
99100 23
99200 24
99100 25
99200 26
99300 27
99200 28
99100 29
99000 30
98900 31
99000 32
98900 33
98800 34
98900 35
99000 36
98900 37
98800 38
98900 39
99000 40
99100 41
99000 42
99100 43
99200 44
99100 45
99000 46
98900 47
99000 48
99100 49
99200 50
99300 51
99200 52
99100 53
99200 54
99300 55
99400 56
99300 57
99200 58
99300 59
99200 60
99300 61
99400 62
99500 63
99600 64
99700 65
99600 66
99700 67
99800 68
99700 69
99600 70
99700 71
99600 72
99500 73
99400 74
99300 75
99400 76
99300 77
99200 78
99100 79
99200 80
99300 81
99400 82
99300 83
99200 84
99100 85
99200 86
99100 87
99000 88
98900 89
99000 90
99100 91
99000 92
98900 93
99000 94
99100 95
99200 96
99300 97
99400 98
99300 99
99200 100
99300 101
99400 102
99300 103
99400 104
99500 105
99600 106
99500 107
99400 108
99300 109
99200 110
99100 111
99000 112
99100 113
99000 114
98900 115
98800 116
98900 117
98800 118
98700 119
98800 120
98900 121
99000 122
99100 123
99200 124
99100 125
99000 126
99100 127
99000 128
98900 129
98800 130
98900 131
99000 132
99100 133
99200 134
99300 135
99400 136
99300 137
99200 138
99300 139
99400 140
99300 141
99200 142
99100 143
99200 144
99300 145
99400 146
99300 147
99200 148
99300 149
99400 150
99300 151
99400 152
99300 153
99400 154
99500 155
99600 156
99500 157
99600 158
99700 159
99800 160
99900 161
100000 162
99900 163
100000 164
100100 165
100200 166
100300 167
100400 168
100300 169
100400 170
100300 171
100200 172
100300 173
100200 174
100100 175
100200 176
100300 177
100200 178
100100 179
100000 180
100100 181
100200 182
100300 183
100200 184
100300 185
100400 186
100300 187
100200 188
100300 189
100400 190
100500 191
100400 192
100300 193
100200 194
100100 195
100000 196
99900 197
100000 198
100100 199
100000 200
100100 201
100200 202
100100 203
100200 204
100100 205
100000 206
100100 207
100200 208
100100 209
100000 210
99900 211
100000 212
100100 213
100000 214
100100 215
100200 216
100100 217
100000 218
99900 219
100000 220
100100 221
100000 222
99900 223
99800 224
99700 225
99600 226
99500 227
99400 228
99300 229
99200 230
99100 231
99000 232
99100 233
99000 234
98900 235
98800 236
98900 237
99000 238
98900 239
99000 240
99100 241
99200 242
99300 243
99400 244
99500 245
99400 246
99500 247
99400 248
99500 249
99400 250
99300 251
99400 252
99300 253
99200 254
99300 255
99400 256
99300 257
99400 258
99500 259
99400 260
99500 261
99400 262
99300 263
99400 264
99300 265
99400 266
99500 267
99600 268
99500 269
99600 270
99500 271
99400 272
99500 273
99400 274
99300 275
99400 276
99500 277
99400 278
99300 279
99400 280
99300 281
99200 282
99300 283
99200 284
99300 285
99200 286
99300 287
99200 288
99100 289
99200 290
99100 291
99000 292
98900 293
99000 294
99100 295
99000 296
99100 297
99200 298
99300 299
99400 300
99500 301
99600 302
99700 303
99600 304
99500 305
99600 306
99500 307
99600 308
99500 309
99400 310
99300 311
99400 312
99300 313
99400 314
99500 315
99600 316
99700 317
99800 318
99900 319
100000 320
99900 321
99800 322
99700 323
99800 324
99700 325
99800 326
99700 327
99800 328
99700 329
99600 330
99700 331
99600 332
99500 333
99400 334
99500 335
99400 336
99300 337
99400 338
99500 339
99600 340
99700 341
99600 342
99500 343
99600 344
99700 345
99800 346
99900 347
100000 348
99900 349
99800 350
99900 351
100000 352
99900 353
99800 354
99700 355
99600 356
99700 357
99800 358
99700 359
99800 360
99700 361
99600 362
99500 363
99400 364
99500 365
99400 366
99300 367
99200 368
99100 369
99000 370
98900 371
99000 372
99100 373
99200 374
99300 375
99200 376
99300 377
99400 378
99500 379
99400 380
99300 381
99200 382
99100 383
99000 384
99100 385
99200 386
99300 387
99400 388
99500 389
99600 390
99700 391
99600 392
99500 393
99600 394
99500 395
99400 396
99300 397
99200 398
99100 399
99200 400
99300 401
99400 402
99500 403
99400 404
99500 405
99400 406
99500 407
99400 408
99300 409
99400 410
99500 411
99600 412
99700 413
99800 414
99900 415
99800 416
99900 417
99800 418
99900 419
100000 420
100100 421
100200 422
100100 423
100200 424
100300 425
100200 426
100300 427
100200 428
100100 429
100000 430
99900 431
99800 432
99700 433
99600 434
99500 435
99400 436
99500 437
99400 438
99300 439
99200 440
99100 441
99000 442
98900 443
99000 444
98900 445
98800 446
98700 447
98600 448
98500 449
98400 450
98500 451
98600 452
98700 453
98600 454
98500 455
98600 456
98700 457
98800 458
98900 459
98800 460
98700 461
98600 462
98500 463
98400 464
98500 465
98600 466
98700 467
98600 468
98700 469
98600 470
98700 471
98800 472
98900 473
98800 474
98900 475
98800 476
98700 477
98600 478
98700 479
98600 480
98700 481
98600 482
98700 483
98800 484
98900 485
99000 486
98900 487
98800 488
98900 489
99000 490
98900 491
98800 492
98700 493
98800 494
98900 495
98800 496
98900 497
98800 498
98700 499
98800 500
98900 501
98800 502
98900 503
98800 504
98700 505
98600 506
98500 507
98400 508
98500 509
98400 510
98300 511
98400 512
98500 513
98600 514
98700 515
98600 516
98500 517
98600 518
98500 519
98600 520
98700 521
98600 522
98700 523
98800 524
98900 525
99000 526
98900 527
98800 528
98700 529
98800 530
98900 531
99000 532
99100 533
99000 534
98900 535
99000 536
98900 537
98800 538
98900 539
98800 540
98700 541
98800 542
98700 543
98600 544
98700 545
98800 546
98700 547
98800 548
98900 549
99000 550
99100 551
99000 552
99100 553
99200 554
99100 555
99000 556
99100 557
99000 558
98900 559
99000 560
98900 561
99000 562
99100 563
99000 564
99100 565
99200 566
99100 567
99000 568
99100 569
99200 570
99100 571
99200 572
99100 573
99000 574
99100 575
99000 576
99100 577
99200 578
99300 579
99400 580
99300 581
99200 582
99100 583
99200 584
99100 585
99000 586
98900 587
98800 588
98700 589
98600 590
98500 591
98600 592
98700 593
98800 594
98900 595
99000 596
98900 597
99000 598
98900 599
99000 600
98900 601
99000 602
98900 603
99000 604
98900 605
98800 606
98900 607
98800 608
98700 609
98800 610
98900 611
99000 612
99100 613
99000 614
99100 615
99200 616
99300 617
99200 618
99100 619
99000 620
99100 621
99000 622
99100 623
99000 624
98900 625
99000 626
99100 627
99000 628
98900 629
98800 630
98900 631
99000 632
98900 633
99000 634
99100 635
99000 636
99100 637
99200 638
99100 639
99000 640
98900 641
99000 642
98900 643
98800 644
98900 645
99000 646
98900 647
99000 648
98900 649
98800 650
98700 651
98600 652
98700 653
98600 654
98500 655
98400 656
98500 657
98400 658
98300 659
98400 660
98500 661
98400 662
98500 663
98600 664
98700 665
98800 666
98900 667
98800 668
98900 669
98800 670
98700 671
98600 672
98700 673
98800 674
98900 675
98800 676
98700 677
98600 678
98500 679
98400 680
98300 681
98200 682
98300 683
98400 684
98300 685
98200 686
98100 687
98000 688
98100 689
98200 690
98300 691
98400 692
98500 693
98600 694
98500 695
98400 696
98300 697
98200 698
98100 699
98200 700
98100 701
98000 702
97900 703
98000 704
98100 705
98000 706
97900 707
97800 708
97700 709
97800 710
97700 711
97600 712
97500 713
97400 714
97300 715
97200 716
97100 717
97000 718
96900 719
97000 720
97100 721
97200 722
97300 723
97200 724
97100 725
97200 726
97100 727
97200 728
97100 729
97000 730
97100 731
97200 732
97300 733
97400 734
97500 735
97600 736
97500 737
97400 738
97500 739
97400 740
97300 741
97200 742
97100 743
97000 744
97100 745
97200 746
97300 747
97400 748
97300 749
97400 750
97500 751
97600 752
97500 753
97600 754
97700 755
97800 756
97900 757
98000 758
98100 759
98200 760
98300 761
98400 762
98500 763
98400 764
98300 765
98400 766
98500 767
98400 768
98500 769
98400 770
98300 771
98200 772
98100 773
98200 774
98100 775
98200 776
98300 777
98200 778
98100 779
98000 780
98100 781
98000 782
97900 783
97800 784
97900 785
98000 786
98100 787
98000 788
98100 789
98200 790
98100 791
98200 792
98300 793
98200 794
98100 795
98200 796
98100 797
98000 798
97900 799
98000 800
98100 801
98000 802
97900 803
98000 804
97900 805
98000 806
97900 807
97800 808
97900 809
97800 810
97700 811
97800 812
97700 813
97600 814
97500 815
97400 816
97500 817
97600 818
97700 819
97600 820
97700 821
97800 822
97900 823
98000 824
98100 825
98200 826
98100 827
98200 828
98300 829
98200 830
98300 831
98200 832
98100 833
98200 834
98300 835
98400 836
98500 837
98600 838
98700 839
98600 840
98500 841
98600 842
98500 843
98400 844
98500 845
98400 846
98300 847
98200 848
98300 849
98400 850
98500 851
98600 852
98500 853
98600 854
98500 855
98600 856
98500 857
98600 858
98700 859
98800 860
98900 861
98800 862
98900 863
98800 864
98700 865
98600 866
98700 867
98800 868
98900 869
99000 870
99100 871
99200 872
99100 873
99000 874
98900 875
98800 876
98700 877
98600 878
98500 879
98600 880
98700 881
98800 882
98700 883
98800 884
98700 885
98600 886
98700 887
98800 888
98700 889
98800 890
98700 891
98800 892
98900 893
99000 894
99100 895
99200 896
99100 897
99200 898
99100 899
99200 900
99300 901
99400 902
99500 903
99600 904
99700 905
99800 906
99700 907
99600 908
99500 909
99400 910
99300 911
99200 912
99100 913
99200 914
99100 915
99200 916
99300 917
99200 918
99100 919
99000 920
98900 921
99000 922
99100 923
99000 924
99100 925
99200 926
99100 927
99000 928
99100 929
99200 930
99300 931
99200 932
99300 933
99200 934
99300 935
99200 936
99300 937
99400 938
99500 939
99600 940
99700 941
99600 942
99700 943
99600 944
99700 945
99600 946
99700 947
99800 948
99700 949
99800 950
99700 951
99600 952
99700 953
99600 954
99500 955
99600 956
99500 957
99600 958
99500 959
99400 960
99500 961
99400 962
99300 963
99200 964
99100 965
99000 966
99100 967
99200 968
99300 969
99200 970
99100 971
99200 972
99300 973
99400 974
99500 975
99600 976
99700 977
99600 978
99500 979
99600 980
99700 981
99800 982
99900 983
99800 984
99700 985
99600 986
99500 987
99600 988
99700 989
99600 990
99500 991
99400 992
99500 993
99400 994
99300 995
99200 996
99300 997
99200 998
99100 999
99000 1000
98900 1001
99000 1002
98900 1003
98800 1004
98700 1005
98800 1006
98900 1007
98800 1008
98900 1009
98800 1010
98900 1011
99000 1012
99100 1013
99200 1014
99100 1015
99000 1016
99100 1017
99000 1018
99100 1019
99200 1020
99100 1021
99000 1022
98900 1023
99000 1024
98900 1025
98800 1026
98900 1027
98800 1028
98700 1029
98800 1030
98900 1031
99000 1032
99100 1033
99000 1034
99100 1035
99000 1036
99100 1037
99200 1038
99100 1039
99200 1040
99300 1041
99400 1042
99500 1043
99600 1044
99500 1045
99400 1046
99500 1047
99400 1048
99500 1049
99600 1050
99700 1051
99800 1052
99900 1053
99800 1054
99900 1055
100000 1056
100100 1057
100000 1058
99900 1059
100000 1060
100100 1061
100200 1062
100100 1063
100200 1064
100100 1065
100000 1066
100100 1067
100000 1068
100100 1069
100200 1070
100300 1071
100400 1072
100500 1073
100600 1074
100500 1075
100600 1076
100500 1077
100400 1078
100500 1079
100600 1080
100700 1081
100800 1082
100900 1083
101000 1084
100900 1085
100800 1086
100700 1087
100600 1088
100500 1089
100400 1090
100500 1091
100600 1092
100700 1093
100800 1094
100900 1095
101000 1096
101100 1097
101200 1098
101300 1099
101400 1100
101300 1101
101200 1102
101300 1103
101200 1104
101100 1105
101200 1106
101100 1107
101000 1108
100900 1109
101000 1110
100900 1111
100800 1112
100700 1113
100800 1114
100900 1115
101000 1116
101100 1117
101000 1118
101100 1119
101000 1120
101100 1121
101200 1122
101300 1123
101200 1124
101100 1125
101200 1126
101100 1127
101000 1128
101100 1129
101000 1130
101100 1131
101200 1132
101100 1133
101200 1134
101100 1135
101000 1136
100900 1137
100800 1138
100900 1139
100800 1140
100700 1141
100800 1142
100700 1143
100600 1144
100700 1145
100800 1146
100900 1147
101000 1148
101100 1149
101000 1150
101100 1151
101000 1152
100900 1153
101000 1154
101100 1155
101000 1156
101100 1157
101200 1158
101100 1159
101200 1160
101300 1161
101400 1162
101300 1163
101400 1164
101300 1165
101400 1166
101300 1167
101200 1168
101100 1169
101000 1170
101100 1171
101000 1172
101100 1173
101200 1174
101300 1175
101400 1176
101500 1177
101600 1178
101500 1179
101600 1180
101700 1181
101600 1182
101700 1183
101800 1184
101900 1185
101800 1186
101900 1187
101800 1188
101900 1189
101800 1190
101900 1191
102000 1192
102100 1193
102200 1194
102300 1195
102200 1196
102100 1197
102200 1198
102300 1199
102200 1200
102100 1201
102000 1202
101900 1203
102000 1204
101900 1205
101800 1206
101900 1207
102000 1208
101900 1209
102000 1210
101900 1211
102000 1212
101900 1213
102000 1214
101900 1215
101800 1216
101700 1217
101600 1218
101700 1219
101800 1220
101900 1221
102000 1222
102100 1223
102200 1224
102300 1225
102400 1226
102500 1227
102400 1228
102300 1229
102400 1230
102300 1231
102200 1232
102300 1233
102200 1234
102100 1235
102000 1236
101900 1237
101800 1238
101900 1239
102000 1240
101900 1241
102000 1242
102100 1243
102000 1244
101900 1245
101800 1246
101900 1247
101800 1248
101700 1249
101800 1250
101700 1251
101600 1252
101700 1253
101800 1254
101900 1255
102000 1256
102100 1257
102000 1258
102100 1259
102200 1260
102300 1261
102400 1262
102500 1263
102400 1264
102300 1265
102400 1266
102300 1267
102400 1268
102300 1269
102400 1270
102300 1271
102400 1272
102500 1273
102400 1274
102500 1275
102600 1276
102700 1277
102600 1278
102500 1279
102600 1280
102700 1281
102600 1282
102500 1283
102600 1284
102700 1285
102600 1286
102700 1287
102800 1288
102900 1289
102800 1290
102900 1291
103000 1292
103100 1293
103000 1294
102900 1295
102800 1296
102900 1297
102800 1298
102700 1299
102800 1300
102700 1301
102800 1302
102700 1303
102600 1304
102500 1305
102400 1306
102500 1307
102400 1308
102500 1309
102600 1310
102500 1311
102400 1312
102300 1313
102200 1314
102300 1315
102200 1316
102300 1317
102400 1318
102300 1319
102400 1320
102300 1321
102200 1322
102100 1323
102000 1324
102100 1325
102200 1326
102100 1327
102200 1328
102300 1329
102200 1330
102100 1331
102000 1332
101900 1333
101800 1334
101900 1335
101800 1336
101900 1337
102000 1338
101900 1339
102000 1340
101900 1341
101800 1342
101700 1343
101600 1344
101500 1345
101600 1346
101700 1347
101800 1348
101900 1349
102000 1350
102100 1351
102000 1352
102100 1353
102000 1354
102100 1355
102200 1356
102100 1357
102000 1358
101900 1359
102000 1360
101900 1361
101800 1362
101700 1363
101800 1364
101900 1365
101800 1366
101700 1367
101800 1368
101900 1369
101800 1370
101700 1371
101800 1372
101900 1373
101800 1374
101900 1375
102000 1376
101900 1377
101800 1378
101900 1379
101800 1380
101700 1381
101800 1382
101700 1383
101800 1384
101700 1385
101800 1386
101700 1387
101600 1388
101500 1389
101400 1390
101300 1391
101400 1392
101500 1393
101600 1394
101500 1395
101400 1396
101500 1397
101400 1398
101300 1399
101200 1400
101100 1401
101000 1402
101100 1403
101000 1404
100900 1405
100800 1406
100700 1407
100600 1408
100700 1409
100800 1410
100700 1411
100800 1412
100700 1413
100800 1414
100700 1415
100800 1416
100900 1417
100800 1418
100900 1419
101000 1420
100900 1421
101000 1422
100900 1423
100800 1424
100700 1425
100600 1426
100700 1427
100600 1428
100500 1429
100400 1430
100500 1431
100600 1432
100500 1433
100400 1434
100500 1435
100600 1436
100500 1437
100600 1438
100500 1439
100600 1440
100500 1441
100600 1442
100500 1443
100600 1444
100500 1445
100600 1446
100700 1447
100600 1448
100700 1449
100800 1450
100900 1451
100800 1452
100700 1453
100800 1454
100900 1455
101000 1456
100900 1457
100800 1458
100700 1459
100600 1460
100700 1461
100800 1462
100700 1463
100600 1464
100700 1465
100600 1466
100500 1467
100600 1468
100500 1469
100400 1470
100300 1471
100200 1472
100100 1473
100200 1474
100100 1475
100000 1476
100100 1477
100000 1478
99900 1479
99800 1480
99700 1481
99800 1482
99900 1483
100000 1484
100100 1485
100200 1486
100300 1487
100200 1488
100300 1489
100200 1490
100300 1491
100200 1492
100100 1493
100200 1494
100100 1495
100200 1496
100300 1497
100400 1498
100300 1499
100200 1500
100300 1501
100400 1502
100500 1503
100600 1504
100700 1505
100600 1506
100500 1507
100400 1508
100300 1509
100200 1510
100300 1511
100400 1512
100300 1513
100400 1514
100300 1515
100400 1516
100500 1517
100600 1518
100500 1519
100400 1520
100500 1521
100600 1522
100500 1523
100400 1524
100500 1525
100600 1526
100700 1527
100800 1528
100900 1529
100800 1530
100700 1531
100800 1532
100700 1533
100800 1534
100700 1535
100800 1536
100700 1537
100800 1538
100700 1539
100800 1540
100700 1541
100800 1542
100700 1543
100800 1544
100700 1545
100600 1546
100700 1547
100600 1548
100700 1549
100800 1550
100900 1551
101000 1552
100900 1553
100800 1554
100700 1555
100800 1556
100700 1557
100800 1558
100700 1559
100800 1560
100900 1561
101000 1562
100900 1563
100800 1564
100900 1565
100800 1566
100900 1567
101000 1568
101100 1569
101200 1570
101100 1571
101000 1572
101100 1573
101200 1574
101100 1575
101200 1576
101100 1577
101000 1578
101100 1579
101200 1580
101100 1581
101200 1582
101300 1583
101400 1584
101500 1585
101600 1586
101500 1587
101400 1588
101300 1589
101200 1590
101300 1591
101200 1592
101300 1593
101200 1594
101100 1595
101200 1596
101100 1597
101200 1598
101300 1599
101400 1600
101300 1601
101200 1602
101100 1603
101200 1604
101300 1605
101200 1606
101300 1607
101200 1608
101100 1609
101200 1610
101100 1611
101000 1612
100900 1613
100800 1614
100900 1615
101000 1616
101100 1617
101200 1618
101100 1619
101000 1620
101100 1621
101000 1622
101100 1623
101200 1624
101100 1625
101000 1626
100900 1627
100800 1628
100700 1629
100600 1630
100700 1631
100600 1632
100700 1633
100800 1634
100700 1635
100800 1636
100900 1637
101000 1638
100900 1639
101000 1640
101100 1641
101200 1642
101100 1643
101200 1644
101300 1645
101200 1646
101300 1647
101200 1648
101100 1649
101000 1650
100900 1651
101000 1652
101100 1653
101000 1654
101100 1655
101200 1656
101300 1657
101400 1658
101500 1659
101600 1660
101500 1661
101400 1662
101300 1663
101200 1664
101300 1665
101200 1666
101300 1667
101200 1668
101100 1669
101200 1670
101100 1671
101000 1672
101100 1673
101200 1674
101300 1675
101200 1676
101300 1677
101200 1678
101300 1679
101400 1680
101300 1681
101200 1682
101300 1683
101400 1684
101500 1685
101400 1686
101500 1687
101600 1688
101500 1689
101600 1690
101500 1691
101400 1692
101500 1693
101400 1694
101500 1695
101400 1696
101500 1697
101600 1698
101500 1699
101400 1700
101500 1701
101400 1702
101300 1703
101200 1704
101100 1705
101000 1706
101100 1707
101200 1708
101100 1709
101000 1710
101100 1711
101200 1712
101100 1713
101000 1714
100900 1715
101000 1716
100900 1717
101000 1718
101100 1719
101000 1720
101100 1721
101000 1722
101100 1723
101200 1724
101300 1725
101200 1726
101300 1727
101200 1728
101100 1729
101000 1730
101100 1731
101000 1732
101100 1733
101000 1734
100900 1735
100800 1736
100900 1737
100800 1738
100900 1739
100800 1740
100700 1741
100800 1742
100700 1743
100600 1744
100500 1745
100400 1746
100500 1747
100400 1748
100500 1749
100600 1750
100700 1751
100600 1752
100700 1753
100800 1754
100900 1755
101000 1756
101100 1757
101000 1758
101100 1759
101200 1760
101300 1761
101400 1762
101300 1763
101400 1764
101300 1765
101200 1766
101100 1767
101200 1768
101300 1769
101200 1770
101300 1771
101200 1772
101100 1773
101000 1774
100900 1775
100800 1776
100700 1777
100600 1778
100700 1779
100800 1780
100700 1781
100800 1782
100700 1783
100800 1784
100900 1785
101000 1786
100900 1787
100800 1788
100900 1789
100800 1790
100900 1791
101000 1792
101100 1793
101000 1794
101100 1795
101200 1796
101100 1797
101000 1798
100900 1799
101000 1800
101100 1801
101200 1802
101300 1803
101200 1804
101100 1805
101000 1806
101100 1807
101000 1808
100900 1809
100800 1810
100700 1811
100800 1812
100700 1813
100600 1814
100700 1815
100600 1816
100500 1817
100600 1818
100500 1819
100400 1820
100500 1821
100400 1822
100300 1823
100200 1824
100300 1825
100200 1826
100300 1827
100400 1828
100300 1829
100400 1830
100500 1831
100400 1832
100300 1833
100200 1834
100100 1835
100000 1836
99900 1837
99800 1838
99700 1839
99800 1840
99900 1841
100000 1842
100100 1843
100200 1844
100300 1845
100200 1846
100300 1847
100200 1848
100100 1849
100200 1850
100100 1851
100200 1852
100300 1853
100400 1854
100300 1855
100400 1856
100500 1857
100600 1858
100700 1859
100800 1860
100900 1861
100800 1862
100900 1863
100800 1864
100900 1865
100800 1866
100900 1867
100800 1868
100900 1869
100800 1870
100900 1871
101000 1872
100900 1873
101000 1874
101100 1875
101000 1876
101100 1877
101200 1878
101100 1879
101000 1880
100900 1881
101000 1882
100900 1883
100800 1884
100900 1885
101000 1886
100900 1887
101000 1888
101100 1889
101000 1890
100900 1891
100800 1892
100900 1893
100800 1894
100700 1895
100600 1896
100500 1897
100400 1898
100500 1899
100400 1900
100500 1901
100400 1902
100300 1903
100200 1904
100100 1905
100000 1906
100100 1907
100200 1908
100300 1909
100200 1910
100300 1911
100400 1912
100300 1913
100400 1914
100300 1915
100200 1916
100300 1917
100200 1918
100300 1919
100400 1920
100300 1921
100400 1922
100500 1923
100400 1924
100500 1925
100600 1926
100500 1927
100400 1928
100300 1929
100200 1930
100100 1931
100000 1932
99900 1933
100000 1934
100100 1935
100000 1936
99900 1937
100000 1938
99900 1939
100000 1940
100100 1941
100200 1942
100300 1943
100200 1944
100300 1945
100200 1946
100300 1947
100200 1948
100300 1949
100200 1950
100100 1951
100000 1952
99900 1953
99800 1954
99900 1955
100000 1956
100100 1957
100200 1958
100300 1959
100200 1960
100300 1961
100400 1962
100300 1963
100200 1964
100100 1965
100000 1966
99900 1967
100000 1968
99900 1969
100000 1970
100100 1971
100000 1972
99900 1973
100000 1974
100100 1975
100000 1976
100100 1977
100200 1978
100300 1979
100400 1980
100300 1981
100200 1982
100100 1983
100200 1984
100300 1985
100200 1986
100100 1987
100000 1988
99900 1989
100000 1990
100100 1991
100200 1992
100300 1993
100200 1994
100300 1995
100200 1996
100300 1997
100200 1998
100100 1999
100000 2000
100100 2001
100200 2002
100300 2003
100400 2004
100300 2005
100400 2006
100300 2007
100400 2008
100300 2009
100200 2010
100300 2011
100400 2012
100500 2013
100600 2014
100700 2015
100600 2016
100700 2017
100800 2018
100900 2019
100800 2020
100700 2021
100600 2022
100500 2023
100400 2024
100300 2025
100400 2026
100300 2027
100200 2028
100100 2029
100200 2030
100100 2031
100200 2032
100100 2033
100000 2034
100100 2035
100200 2036
100100 2037
100200 2038
100100 2039
100000 2040
99900 2041
100000 2042
99900 2043
99800 2044
99900 2045
99800 2046
99900 2047
99800 2048
99700 2049
99600 2050
99700 2051
99600 2052
99700 2053
99800 2054
99700 2055
99600 2056
99700 2057
99800 2058
99900 2059
99800 2060
99900 2061
99800 2062
99700 2063
99600 2064
99700 2065
99600 2066
99700 2067
99800 2068
99700 2069
99600 2070
99700 2071
99800 2072
99900 2073
99800 2074
99700 2075
99800 2076
99900 2077
99800 2078
99700 2079
99800 2080
99900 2081
99800 2082
99700 2083
99600 2084
99700 2085
99800 2086
99900 2087
99800 2088
99900 2089
100000 2090
100100 2091
100000 2092
99900 2093
99800 2094
99700 2095
99600 2096
99500 2097
99600 2098
99700 2099
99600 2100
99500 2101
99400 2102
99500 2103
99400 2104
99300 2105
99400 2106
99300 2107
99400 2108
99500 2109
99400 2110
99500 2111
99400 2112
99300 2113
99200 2114
99100 2115
99200 2116
99100 2117
99200 2118
99300 2119
99200 2120
99300 2121
99200 2122
99300 2123
99400 2124
99300 2125
99200 2126
99300 2127
99200 2128
99300 2129
99400 2130
99500 2131
99400 2132
99300 2133
99200 2134
99300 2135
99200 2136
99300 2137
99200 2138
99300 2139
99200 2140
99100 2141
99000 2142
98900 2143
98800 2144
98700 2145
98800 2146
98700 2147
98600 2148
98700 2149
98800 2150
98700 2151
98600 2152
98700 2153
98600 2154
98700 2155
98600 2156
98700 2157
98600 2158
98700 2159
98600 2160
98500 2161
98400 2162
98300 2163
98200 2164
98100 2165
98200 2166
98300 2167
98400 2168
98500 2169
98400 2170
98500 2171
98600 2172
98700 2173
98800 2174
98700 2175
98600 2176
98700 2177
98800 2178
98900 2179
98800 2180
98700 2181
98600 2182
98500 2183
98400 2184
98500 2185
98400 2186
98300 2187
98200 2188
98300 2189
98400 2190
98300 2191
98400 2192
98300 2193
98400 2194
98500 2195
98400 2196
98300 2197
98400 2198
98500 2199
98400 2200
98300 2201
98200 2202
98300 2203
98400 2204
98500 2205
98600 2206
98700 2207
98600 2208
98500 2209
98600 2210
98700 2211
98800 2212
98700 2213
98800 2214
98700 2215
98800 2216
98700 2217
98600 2218
98700 2219
98600 2220
98500 2221
98400 2222
98300 2223
98200 2224
98300 2225
98400 2226
98500 2227
98400 2228
98500 2229
98400 2230
98300 2231
98400 2232
98500 2233
98400 2234
98300 2235
98200 2236
98300 2237
98400 2238
98500 2239
98600 2240
98700 2241
98800 2242
98700 2243
98800 2244
98700 2245
98800 2246
98900 2247
99000 2248
98900 2249
99000 2250
98900 2251
98800 2252
98900 2253
98800 2254
98700 2255
98600 2256
98700 2257
98600 2258
98500 2259
98600 2260
98500 2261
98600 2262
98500 2263
98400 2264
98500 2265
98400 2266
98300 2267
98200 2268
98300 2269
98400 2270
98300 2271
98400 2272
98500 2273
98400 2274
98500 2275
98600 2276
98700 2277
98600 2278
98700 2279
98600 2280
98700 2281
98800 2282
98700 2283
98600 2284
98700 2285
98600 2286
98500 2287
98600 2288
98500 2289
98400 2290
98300 2291
98200 2292
98300 2293
98400 2294
98300 2295
98200 2296
98300 2297
98200 2298
98100 2299
98000 2300
98100 2301
98200 2302
98100 2303
98200 2304
98100 2305
98000 2306
97900 2307
97800 2308
97900 2309
98000 2310
98100 2311
98200 2312
98100 2313
98200 2314
98300 2315
98400 2316
98300 2317
98400 2318
98300 2319
98400 2320
98300 2321
98400 2322
98300 2323
98200 2324
98100 2325
98000 2326
98100 2327
98200 2328
98100 2329
98000 2330
97900 2331
97800 2332
97700 2333
97800 2334
97900 2335
97800 2336
97700 2337
97600 2338
97700 2339
97800 2340
97900 2341
97800 2342
97700 2343
97800 2344
97700 2345
97600 2346
97700 2347
97600 2348
97700 2349
97600 2350
97700 2351
97800 2352
97700 2353
97600 2354
97700 2355
97800 2356
97900 2357
97800 2358
97700 2359
97800 2360
97700 2361
97600 2362
97500 2363
97400 2364
97300 2365
97200 2366
97100 2367
97000 2368
97100 2369
97200 2370
97300 2371
97200 2372
97100 2373
97200 2374
97300 2375
97200 2376
97100 2377
97000 2378
97100 2379
97000 2380
97100 2381
97200 2382
97100 2383
97000 2384
97100 2385
97200 2386
97300 2387
97200 2388
97100 2389
97200 2390
97300 2391
97200 2392
97300 2393
97200 2394
97300 2395
97200 2396
97300 2397
97200 2398
97100 2399
97200 2400
97300 2401
97200 2402
97300 2403
97400 2404
97300 2405
97400 2406
97500 2407
97600 2408
97700 2409
97600 2410
97700 2411
97800 2412
97900 2413
98000 2414
97900 2415
97800 2416
97700 2417
97800 2418
97700 2419
97600 2420
97500 2421
97600 2422
97500 2423
97600 2424
97500 2425
97600 2426
97700 2427
97600 2428
97500 2429
97600 2430
97700 2431
97600 2432
97500 2433
97600 2434
97500 2435
97600 2436
97700 2437
97800 2438
97700 2439
97600 2440
97700 2441
97800 2442
97700 2443
97800 2444
97900 2445
97800 2446
97900 2447
98000 2448
98100 2449
98000 2450
97900 2451
98000 2452
97900 2453
98000 2454
97900 2455
98000 2456
97900 2457
97800 2458
97700 2459
97800 2460
97900 2461
97800 2462
97700 2463
97600 2464
97500 2465
97400 2466
97300 2467
97400 2468
97500 2469
97600 2470
97500 2471
97400 2472
97300 2473
97400 2474
97500 2475
97400 2476
97500 2477
97600 2478
97500 2479
97600 2480
97700 2481
97800 2482
97700 2483
97800 2484
97700 2485
97600 2486
97500 2487
97600 2488
97500 2489
97400 2490
97300 2491
97400 2492
97300 2493
97200 2494
97100 2495
97200 2496
97300 2497
97400 2498
97300 2499
97400 2500
97300 2501
97200 2502
97300 2503
97400 2504
97300 2505
97400 2506
97300 2507
97400 2508
97300 2509
97400 2510
97500 2511
97400 2512
97500 2513
97400 2514
97300 2515
97400 2516
97300 2517
97400 2518
97300 2519
97400 2520
97500 2521
97400 2522
97300 2523
97400 2524
97500 2525
97600 2526
97700 2527
97800 2528
97900 2529
98000 2530
97900 2531
98000 2532
97900 2533
97800 2534
97700 2535
97600 2536
97700 2537
97800 2538
97900 2539
98000 2540
98100 2541
98200 2542
98100 2543
98000 2544
98100 2545
98000 2546
98100 2547
98200 2548
98300 2549
98400 2550
98300 2551
98200 2552
98300 2553
98200 2554
98100 2555
98200 2556
98100 2557
98000 2558
98100 2559
98200 2560
98100 2561
98200 2562
98300 2563
98200 2564
98100 2565
98200 2566
98100 2567
98200 2568
98300 2569
98400 2570
98300 2571
98400 2572
98300 2573
98400 2574
98300 2575
98200 2576
98300 2577
98400 2578
98500 2579
98600 2580
98500 2581
98600 2582
98700 2583
98600 2584
98700 2585
98800 2586
98900 2587
98800 2588
98900 2589
99000 2590
98900 2591
99000 2592
99100 2593
99200 2594
99300 2595
99400 2596
99500 2597
99600 2598
99500 2599
99600 2600
99500 2601
99400 2602
99500 2603
99600 2604
99700 2605
99600 2606
99500 2607
99600 2608
99500 2609
99600 2610
99500 2611
99400 2612
99500 2613
99600 2614
99500 2615
99600 2616
99500 2617
99400 2618
99500 2619
99400 2620
99300 2621
99400 2622
99500 2623
99600 2624
99500 2625
99600 2626
99700 2627
99800 2628
99900 2629
99800 2630
99700 2631
99800 2632
99900 2633
100000 2634
100100 2635
100200 2636
100300 2637
100200 2638
100300 2639
100400 2640
100300 2641
100400 2642
100300 2643
100200 2644
100100 2645
100200 2646
100300 2647
100400 2648
100500 2649
100400 2650
100500 2651
100400 2652
100500 2653
100600 2654
100700 2655
100800 2656
100900 2657
100800 2658
100700 2659
100800 2660
100700 2661
100800 2662
100700 2663
100600 2664
100500 2665
100400 2666
100300 2667
100200 2668
100100 2669
100200 2670
100100 2671
100000 2672
100100 2673
100000 2674
100100 2675
100200 2676
100300 2677
100400 2678
100300 2679
100400 2680
100500 2681
100400 2682
100300 2683
100400 2684
100300 2685
100400 2686
100300 2687
100400 2688
100300 2689
100200 2690
100100 2691
100200 2692
100100 2693
100200 2694
100100 2695
100000 2696
100100 2697
100000 2698
100100 2699
100000 2700
99900 2701
99800 2702
99900 2703
99800 2704
99900 2705
99800 2706
99700 2707
99600 2708
99500 2709
99400 2710
99500 2711
99400 2712
99500 2713
99600 2714
99700 2715
99600 2716
99700 2717
99800 2718
99700 2719
99800 2720
99700 2721
99800 2722
99700 2723
99600 2724
99700 2725
99600 2726
99700 2727
99800 2728
99700 2729
99800 2730
99900 2731
100000 2732
99900 2733
99800 2734
99900 2735
100000 2736
99900 2737
100000 2738
100100 2739
100000 2740
99900 2741
99800 2742
99900 2743
100000 2744
100100 2745
100200 2746
100300 2747
100400 2748
100300 2749
100400 2750
100500 2751
100400 2752
100500 2753
100400 2754
100300 2755
100200 2756
100100 2757
100000 2758
100100 2759
100200 2760
100300 2761
100200 2762
100300 2763
100200 2764
100100 2765
100200 2766
100100 2767
100000 2768
100100 2769
100200 2770
100100 2771
100000 2772
100100 2773
100200 2774
100300 2775
100400 2776
100500 2777
100400 2778
100500 2779
100600 2780
100500 2781
100400 2782
100500 2783
100400 2784
100300 2785
100200 2786
100300 2787
100200 2788
100100 2789
100200 2790
100100 2791
100200 2792
100100 2793
100200 2794
100100 2795
100200 2796
100300 2797
100200 2798
100100 2799
100200 2800
100300 2801
100200 2802
100300 2803
100400 2804
100300 2805
100200 2806
100300 2807
100400 2808
100300 2809
100400 2810
100500 2811
100600 2812
100700 2813
100800 2814
100900 2815
100800 2816
100900 2817
101000 2818
100900 2819
101000 2820
100900 2821
101000 2822
101100 2823
101000 2824
101100 2825
101200 2826
101300 2827
101200 2828
101300 2829
101200 2830
101300 2831
101200 2832
101100 2833
101200 2834
101100 2835
101000 2836
100900 2837
101000 2838
101100 2839
101200 2840
101300 2841
101400 2842
101300 2843
101400 2844
101500 2845
101600 2846
101500 2847
101400 2848
101300 2849
101200 2850
101300 2851
101200 2852
101300 2853
101200 2854
101300 2855
101400 2856
101500 2857
101600 2858
101700 2859
101800 2860
101700 2861
101800 2862
101900 2863
101800 2864
101700 2865
101600 2866
101500 2867
101400 2868
101500 2869
101600 2870
101700 2871
101800 2872
101900 2873
101800 2874
101900 2875
101800 2876
101700 2877
101600 2878
101700 2879
101600 2880
101500 2881
101400 2882
101300 2883
101200 2884
101100 2885
101000 2886
101100 2887
101000 2888
100900 2889
101000 2890
100900 2891
100800 2892
100900 2893
101000 2894
101100 2895
101000 2896
100900 2897
101000 2898
101100 2899
101200 2900
101100 2901
101000 2902
100900 2903
101000 2904
101100 2905
101200 2906
101300 2907
101200 2908
101100 2909
101000 2910
101100 2911
101200 2912
101300 2913
101200 2914
101100 2915
101000 2916
101100 2917
101000 2918
101100 2919
101000 2920
101100 2921
101200 2922
101300 2923
101400 2924
101500 2925
101600 2926
101500 2927
101600 2928
101500 2929
101600 2930
101500 2931
101400 2932
101300 2933
101400 2934
101300 2935
101400 2936
101300 2937
101400 2938
101500 2939
101600 2940
101700 2941
101600 2942
101700 2943
101800 2944
101700 2945
101800 2946
101700 2947
101600 2948
101500 2949
101600 2950
101500 2951
101400 2952
101500 2953
101600 2954
101500 2955
101400 2956
101500 2957
101400 2958
101300 2959
101200 2960
101300 2961
101400 2962
101500 2963
101400 2964
101500 2965
101600 2966
101500 2967
101600 2968
101500 2969
101600 2970
101700 2971
101600 2972
101500 2973
101400 2974
101300 2975
101200 2976
101100 2977
101200 2978
101300 2979
101200 2980
101300 2981
101200 2982
101100 2983
101000 2984
100900 2985
100800 2986
100700 2987
100800 2988
100900 2989
100800 2990
100900 2991
100800 2992
100700 2993
100600 2994
100700 2995
100800 2996
100700 2997
100600 2998
100700 2999
100800 3000
100900 3001
100800 3002
100700 3003
100600 3004
100500 3005
100600 3006
100500 3007
100400 3008
100500 3009
100400 3010
100500 3011
100400 3012
100500 3013
100600 3014
100700 3015
100800 3016
100700 3017
100600 3018
100500 3019
100600 3020
100700 3021
100600 3022
100500 3023
100400 3024
100300 3025
100200 3026
100100 3027
100000 3028
99900 3029
100000 3030
100100 3031
100000 3032
99900 3033
99800 3034
99900 3035
100000 3036
100100 3037
100000 3038
100100 3039
100000 3040
99900 3041
100000 3042
100100 3043
100000 3044
100100 3045
100200 3046
100300 3047
100400 3048
100300 3049
100400 3050
100300 3051
100400 3052
100300 3053
100400 3054
100300 3055
100400 3056
100500 3057
100400 3058
100500 3059
100600 3060
100700 3061
100800 3062
100700 3063
100600 3064
100700 3065
100800 3066
100700 3067
100600 3068
100700 3069
100800 3070
100900 3071
100800 3072
100900 3073
100800 3074
100700 3075
100600 3076
100700 3077
100800 3078
100900 3079
100800 3080
100900 3081
100800 3082
100900 3083
100800 3084
100900 3085
101000 3086
101100 3087
101200 3088
101300 3089
101400 3090
101300 3091
101200 3092
101300 3093
101400 3094
101500 3095
101400 3096
101500 3097
101600 3098
101500 3099
101600 3100
101500 3101
101600 3102
101700 3103
101800 3104
101900 3105
101800 3106
101700 3107
101800 3108
101700 3109
101600 3110
101700 3111
101600 3112
101500 3113
101400 3114
101500 3115
101400 3116
101500 3117
101400 3118
101300 3119
101400 3120
101500 3121
101400 3122
101500 3123
101400 3124
101500 3125
101600 3126
101700 3127
101800 3128
101900 3129
102000 3130
102100 3131
102200 3132
102300 3133
102400 3134
102300 3135
102400 3136
102300 3137
102200 3138
102100 3139
102000 3140
101900 3141
102000 3142
101900 3143
102000 3144
101900 3145
102000 3146
102100 3147
102200 3148
102300 3149
102200 3150
102100 3151
102000 3152
101900 3153
101800 3154
101700 3155
101800 3156
101900 3157
101800 3158
101900 3159
102000 3160
101900 3161
102000 3162
101900 3163
101800 3164
101700 3165
101600 3166
101500 3167
101600 3168
101700 3169
101800 3170
101900 3171
102000 3172
102100 3173
102000 3174
101900 3175
101800 3176
101900 3177
102000 3178
101900 3179
102000 3180
102100 3181
102200 3182
102300 3183
102400 3184
102500 3185
102600 3186
102500 3187
102600 3188
102700 3189
102600 3190
102700 3191
102600 3192
102500 3193
102400 3194
102300 3195
102400 3196
102300 3197
102200 3198
102300 3199
102200 3200
102100 3201
102200 3202
102100 3203
102200 3204
102300 3205
102200 3206
102300 3207
102200 3208
102300 3209
102400 3210
102500 3211
102400 3212
102300 3213
102400 3214
102300 3215
102200 3216
102300 3217
102400 3218
102300 3219
102400 3220
102300 3221
102200 3222
102300 3223
102200 3224
102300 3225
102200 3226
102100 3227
102200 3228
102100 3229
102000 3230
102100 3231
102200 3232
102300 3233
102200 3234
102300 3235
102200 3236
102300 3237
102400 3238
102500 3239
102400 3240
102300 3241
102200 3242
102100 3243
102000 3244
102100 3245
102200 3246
102300 3247
102400 3248
102300 3249
102400 3250
102300 3251
102400 3252
102300 3253
102200 3254
102100 3255
102000 3256
102100 3257
102200 3258
102100 3259
102200 3260
102100 3261
102000 3262
102100 3263
102000 3264
101900 3265
101800 3266
101900 3267
102000 3268
101900 3269
101800 3270
101700 3271
101800 3272
101700 3273
101800 3274
101900 3275
102000 3276
101900 3277
101800 3278
101700 3279
101800 3280
101700 3281
101800 3282
101900 3283
101800 3284
101900 3285
102000 3286
102100 3287
102200 3288
102300 3289
102400 3290
102500 3291
102600 3292
102500 3293
102600 3294
102700 3295
102800 3296
102900 3297
102800 3298
102700 3299
102800 3300
102900 3301
103000 3302
103100 3303
103200 3304
103300 3305
103400 3306
103300 3307
103400 3308
103500 3309
103400 3310
103300 3311
103200 3312
103300 3313
103400 3314
103500 3315
103400 3316
103300 3317
103200 3318
103300 3319
103200 3320
103100 3321
103000 3322
103100 3323
103200 3324
103100 3325
103000 3326
103100 3327
103000 3328
103100 3329
103200 3330
103100 3331
103200 3332
103300 3333
103200 3334
103100 3335
103000 3336
103100 3337
103200 3338
103100 3339
103200 3340
103100 3341
103000 3342
102900 3343
103000 3344
102900 3345
103000 3346
103100 3347
103000 3348
103100 3349
103200 3350
103300 3351
103400 3352
103500 3353
103400 3354
103300 3355
103400 3356
103500 3357
103400 3358
103500 3359
103600 3360
103500 3361
103600 3362
103700 3363
103600 3364
103700 3365
103600 3366
103500 3367
103600 3368
103700 3369
103600 3370
103500 3371
103400 3372
103500 3373
103400 3374
103500 3375
103600 3376
103500 3377
103400 3378
103500 3379
103400 3380
103500 3381
103400 3382
103500 3383
103600 3384
103500 3385
103400 3386
103300 3387
103400 3388
103300 3389
103400 3390
103300 3391
103400 3392
103300 3393
103200 3394
103100 3395
103200 3396
103100 3397
103000 3398
103100 3399
103200 3400
103300 3401
103400 3402
103500 3403
103400 3404
103300 3405
103400 3406
103300 3407
103200 3408
103100 3409
103000 3410
103100 3411
103200 3412
103300 3413
103200 3414
103300 3415
103200 3416
103100 3417
103000 3418
102900 3419
103000 3420
102900 3421
102800 3422
102700 3423
102800 3424
102700 3425
102600 3426
102500 3427
102400 3428
102500 3429
102600 3430
102700 3431
102600 3432
102500 3433
102600 3434
102500 3435
102400 3436
102500 3437
102400 3438
102500 3439
102600 3440
102700 3441
102600 3442
102500 3443
102400 3444
102300 3445
102400 3446
102300 3447
102400 3448
102500 3449
102600 3450
102700 3451
102600 3452
102700 3453
102600 3454
102700 3455
102600 3456
102700 3457
102800 3458
102900 3459
103000 3460
103100 3461
103000 3462
102900 3463
103000 3464
102900 3465
103000 3466
102900 3467
102800 3468
102700 3469
102800 3470
102900 3471
102800 3472
102900 3473
102800 3474
102700 3475
102600 3476
102700 3477
102600 3478
102500 3479
102400 3480
102300 3481
102400 3482
102500 3483
102600 3484
102500 3485
102600 3486
102500 3487
102400 3488
102300 3489
102400 3490
102500 3491
102400 3492
102500 3493
102400 3494
102500 3495
102600 3496
102500 3497
102400 3498
102300 3499
102200 3500
102300 3501
102400 3502
102300 3503
102200 3504
102100 3505
102200 3506
102100 3507
102200 3508
102300 3509
102400 3510
102300 3511
102200 3512
102300 3513
102200 3514
102100 3515
102000 3516
102100 3517
102200 3518
102100 3519
102200 3520
102100 3521
102000 3522
102100 3523
102200 3524
102100 3525
102200 3526
102100 3527
102000 3528
102100 3529
102000 3530
102100 3531
102200 3532
102100 3533
102000 3534
101900 3535
101800 3536
101700 3537
101600 3538
101700 3539
101800 3540
101700 3541
101600 3542
101700 3543
101800 3544
101700 3545
101600 3546
101500 3547
101400 3548
101300 3549
101400 3550
101500 3551
101400 3552
101500 3553
101400 3554
101300 3555
101400 3556
101500 3557
101600 3558
101700 3559
101800 3560
101900 3561
102000 3562
101900 3563
102000 3564
102100 3565
102200 3566
102100 3567
102200 3568
102300 3569
102400 3570
102500 3571
102600 3572
102700 3573
102800 3574
102900 3575
103000 3576
102900 3577
102800 3578
102900 3579
103000 3580
103100 3581
103200 3582
103100 3583
103200 3584
103100 3585
103200 3586
103300 3587
103400 3588
103300 3589
103200 3590
103300 3591
103200 3592
103300 3593
103400 3594
103300 3595
103400 3596
103500 3597
103400 3598
103300 3599
103400 3600
103300 3601
103400 3602
103500 3603
103400 3604
103300 3605
103400 3606
103300 3607
103400 3608
103500 3609
103600 3610
103700 3611
103800 3612
103900 3613
103800 3614
103900 3615
104000 3616
103900 3617
103800 3618
103700 3619
103800 3620
103700 3621
103800 3622
103700 3623
103600 3624
103700 3625
103600 3626
103700 3627
103800 3628
103700 3629
103600 3630
103700 3631
103800 3632
103700 3633
103800 3634
103700 3635
103800 3636
103900 3637
103800 3638
103700 3639
103800 3640
103900 3641
104000 3642
103900 3643
104000 3644
103900 3645
103800 3646
103900 3647
103800 3648
103900 3649
104000 3650
103900 3651
104000 3652
103900 3653
103800 3654
103900 3655
103800 3656
103900 3657
103800 3658
103700 3659
103600 3660
103500 3661
103400 3662
103300 3663
103200 3664
103100 3665
103000 3666
102900 3667
103000 3668
102900 3669
103000 3670
103100 3671
103200 3672
103100 3673
103200 3674
103100 3675
103000 3676
103100 3677
103200 3678
103100 3679
103000 3680
103100 3681
103200 3682
103100 3683
103200 3684
103100 3685
103000 3686
103100 3687
103000 3688
103100 3689
103200 3690
103300 3691
103400 3692
103300 3693
103400 3694
103300 3695
103400 3696
103300 3697
103400 3698
103300 3699
103400 3700
103500 3701
103600 3702
103500 3703
103600 3704
103500 3705
103600 3706
103500 3707
103600 3708
103500 3709
103600 3710
103700 3711
103800 3712
103700 3713
103600 3714
103500 3715
103600 3716
103500 3717
103400 3718
103500 3719
103600 3720
103500 3721
103400 3722
103500 3723
103600 3724
103700 3725
103800 3726
103900 3727
104000 3728
103900 3729
104000 3730
103900 3731
104000 3732
103900 3733
103800 3734
103700 3735
103600 3736
103500 3737
103400 3738
103300 3739
103200 3740
103100 3741
103200 3742
103300 3743
103400 3744
103300 3745
103400 3746
103300 3747
103200 3748
103100 3749
103200 3750
103300 3751
103400 3752
103500 3753
103600 3754
103500 3755
103400 3756
103500 3757
103600 3758
103700 3759
103600 3760
103700 3761
103800 3762
103900 3763
104000 3764
104100 3765
104000 3766
104100 3767
104200 3768
104300 3769
104200 3770
104300 3771
104400 3772
104300 3773
104400 3774
104300 3775
104200 3776
104300 3777
104400 3778
104300 3779
104200 3780
104100 3781
104200 3782
104300 3783
104400 3784
104300 3785
104200 3786
104300 3787
104200 3788
104300 3789
104200 3790
104300 3791
104400 3792
104300 3793
104400 3794
104500 3795
104400 3796
104500 3797
104400 3798
104500 3799
104600 3800
104500 3801
104400 3802
104300 3803
104400 3804
104300 3805
104200 3806
104300 3807
104200 3808
104100 3809
104200 3810
104300 3811
104200 3812
104100 3813
104200 3814
104100 3815
104200 3816
104100 3817
104200 3818
104300 3819
104400 3820
104500 3821
104400 3822
104500 3823
104400 3824
104300 3825
104200 3826
104300 3827
104400 3828
104500 3829
104400 3830
104300 3831
104400 3832
104500 3833
104600 3834
104500 3835
104400 3836
104300 3837
104200 3838
104300 3839
104200 3840
104100 3841
104200 3842
104300 3843
104400 3844
104300 3845
104200 3846
104300 3847
104200 3848
104100 3849
104200 3850
104100 3851
104200 3852
104100 3853
104200 3854
104300 3855
104200 3856
104100 3857
104000 3858
104100 3859
104200 3860
104300 3861
104200 3862
104100 3863
104200 3864
104100 3865
104000 3866
104100 3867
104000 3868
103900 3869
104000 3870
103900 3871
104000 3872
103900 3873
104000 3874
104100 3875
104000 3876
103900 3877
104000 3878
104100 3879
104000 3880
103900 3881
104000 3882
103900 3883
104000 3884
104100 3885
104000 3886
103900 3887
104000 3888
104100 3889
104200 3890
104300 3891
104400 3892
104500 3893
104400 3894
104300 3895
104400 3896
104300 3897
104400 3898
104500 3899
104400 3900
104300 3901
104200 3902
104100 3903
104000 3904
103900 3905
103800 3906
103700 3907
103600 3908
103700 3909
103600 3910
103700 3911
103800 3912
103900 3913
104000 3914
104100 3915
104000 3916
103900 3917
104000 3918
104100 3919
104200 3920
104300 3921
104400 3922
104300 3923
104200 3924
104300 3925
104400 3926
104500 3927
104600 3928
104700 3929
104800 3930
104700 3931
104800 3932
104700 3933
104800 3934
104700 3935
104600 3936
104500 3937
104600 3938
104700 3939
104800 3940
104700 3941
104600 3942
104700 3943
104800 3944
104900 3945
105000 3946
104900 3947
104800 3948
104700 3949
104800 3950
104700 3951
104800 3952
104700 3953
104800 3954
104900 3955
104800 3956
104900 3957
105000 3958
105100 3959
105200 3960
105100 3961
105200 3962
105300 3963
105200 3964
105300 3965
105400 3966
105500 3967
105600 3968
105700 3969
105600 3970
105700 3971
105800 3972
105700 3973
105600 3974
105500 3975
105400 3976
105300 3977
105200 3978
105300 3979
105200 3980
105100 3981
105200 3982
105300 3983
105200 3984
105100 3985
105200 3986
105300 3987
105200 3988
105100 3989
105000 3990
104900 3991
104800 3992
104900 3993
104800 3994
104900 3995
105000 3996
105100 3997
105000 3998
104900 3999
105000 4000
104900 4001
104800 4002
104900 4003
105000 4004
105100 4005
105200 4006
105100 4007
105000 4008
104900 4009
105000 4010
104900 4011
105000 4012
104900 4013
104800 4014
104700 4015
104800 4016
104700 4017
104800 4018
104900 4019
104800 4020
104700 4021
104600 4022
104500 4023
104400 4024
104500 4025
104400 4026
104300 4027
104200 4028
104300 4029
104400 4030
104500 4031
104600 4032
104500 4033
104400 4034
104300 4035
104400 4036
104500 4037
104400 4038
104500 4039
104400 4040
104300 4041
104400 4042
104500 4043
104400 4044
104500 4045
104600 4046
104700 4047
104600 4048
104700 4049
104800 4050
104900 4051
104800 4052
104900 4053
105000 4054
104900 4055
104800 4056
104900 4057
105000 4058
105100 4059
105200 4060
105300 4061
105400 4062
105300 4063
105400 4064
105300 4065
105400 4066
105300 4067
105200 4068
105100 4069
105000 4070
104900 4071
104800 4072
104900 4073
104800 4074
104700 4075
104800 4076
104700 4077
104600 4078
104500 4079
104400 4080
104500 4081
104600 4082
104500 4083
104400 4084
104300 4085
104400 4086
104300 4087
104200 4088
104100 4089
104200 4090
104300 4091
104400 4092
104500 4093
104400 4094
104500 4095
104600 4096
104700 4097
104800 4098
104700 4099
104600 4100
104700 4101
104800 4102
104900 4103
105000 4104
104900 4105
104800 4106
104700 4107
104600 4108
104700 4109
104600 4110
104700 4111
104800 4112
104700 4113
104800 4114
104900 4115
105000 4116
104900 4117
105000 4118
104900 4119
104800 4120
104900 4121
104800 4122
104900 4123
105000 4124
105100 4125
105000 4126
105100 4127
105000 4128
105100 4129
105200 4130
105100 4131
105200 4132
105300 4133
105400 4134
105500 4135
105600 4136
105700 4137
105800 4138
105900 4139
105800 4140
105900 4141
105800 4142
105900 4143
105800 4144
105900 4145
106000 4146
106100 4147
106200 4148
106300 4149
106200 4150
106300 4151
106400 4152
106500 4153
106600 4154
106700 4155
106800 4156
106900 4157
107000 4158
106900 4159
107000 4160
106900 4161
107000 4162
107100 4163
107200 4164
107300 4165
107400 4166
107500 4167
107400 4168
107300 4169
107200 4170
107100 4171
107200 4172
107300 4173
107200 4174
107100 4175
107200 4176
107300 4177
107200 4178
107100 4179
107000 4180
107100 4181
107200 4182
107100 4183
107200 4184
107300 4185
107400 4186
107500 4187
107400 4188
107300 4189
107200 4190
107300 4191
107200 4192
107100 4193
107000 4194
107100 4195
107000 4196
106900 4197
106800 4198
106900 4199
107000 4200
107100 4201
107000 4202
107100 4203
107200 4204
107300 4205
107200 4206
107100 4207
107000 4208
106900 4209
106800 4210
106900 4211
106800 4212
106700 4213
106600 4214
106500 4215
106600 4216
106700 4217
106800 4218
106900 4219
106800 4220
106900 4221
107000 4222
107100 4223
107000 4224
107100 4225
107000 4226
107100 4227
107000 4228
107100 4229
107200 4230
107100 4231
107000 4232
106900 4233
106800 4234
106900 4235
106800 4236
106900 4237
106800 4238
106900 4239
107000 4240
107100 4241
107200 4242
107100 4243
107000 4244
106900 4245
106800 4246
106700 4247
106600 4248
106500 4249
106600 4250
106700 4251
106600 4252
106700 4253
106600 4254
106500 4255
106600 4256
106700 4257
106800 4258
106900 4259
107000 4260
106900 4261
107000 4262
107100 4263
107000 4264
106900 4265
106800 4266
106700 4267
106600 4268
106700 4269
106800 4270
106700 4271
106600 4272
106700 4273
106800 4274
106900 4275
106800 4276
106700 4277
106600 4278
106500 4279
106400 4280
106500 4281
106400 4282
106300 4283
106400 4284
106300 4285
106400 4286
106500 4287
106400 4288
106300 4289
106400 4290
106500 4291
106400 4292
106500 4293
106400 4294
106500 4295
106600 4296
106500 4297
106600 4298
106500 4299
106400 4300
106300 4301
106200 4302
106300 4303
106400 4304
106300 4305
106400 4306
106500 4307
106600 4308
106500 4309
106400 4310
106500 4311
106600 4312
106700 4313
106800 4314
106700 4315
106800 4316
106700 4317
106800 4318
106900 4319
107000 4320
107100 4321
107200 4322
107300 4323
107200 4324
107100 4325
107200 4326
107100 4327
107200 4328
107300 4329
107400 4330
107300 4331
107400 4332
107500 4333
107400 4334
107500 4335
107400 4336
107300 4337
107200 4338
107300 4339
107400 4340
107300 4341
107200 4342
107100 4343
107000 4344
107100 4345
107200 4346
107300 4347
107200 4348
107300 4349
107200 4350
107100 4351
107200 4352
107300 4353
107400 4354
107300 4355
107400 4356
107300 4357
107400 4358
107300 4359
107400 4360
107500 4361
107600 4362
107500 4363
107600 4364
107500 4365
107400 4366
107300 4367
107200 4368
107300 4369
107400 4370
107300 4371
107400 4372
107300 4373
107200 4374
107100 4375
107200 4376
107300 4377
107400 4378
107500 4379
107600 4380
107500 4381
107400 4382
107500 4383
107600 4384
107700 4385
107800 4386
107900 4387
107800 4388
107900 4389
107800 4390
107900 4391
108000 4392
108100 4393
108000 4394
108100 4395
108200 4396
108300 4397
108200 4398
108100 4399
108200 4400
108100 4401
108200 4402
108100 4403
108000 4404
108100 4405
108000 4406
108100 4407
108000 4408
108100 4409
108000 4410
108100 4411
108200 4412
108300 4413
108400 4414
108300 4415
108400 4416
108500 4417
108600 4418
108500 4419
108400 4420
108300 4421
108200 4422
108300 4423
108400 4424
108500 4425
108400 4426
108300 4427
108200 4428
108300 4429
108200 4430
108300 4431
108200 4432
108100 4433
108200 4434
108100 4435
108000 4436
108100 4437
108200 4438
108100 4439
108200 4440
108100 4441
108200 4442
108300 4443
108400 4444
108300 4445
108400 4446
108500 4447
108600 4448
108700 4449
108600 4450
108500 4451
108600 4452
108500 4453
108600 4454
108700 4455
108800 4456
108900 4457
109000 4458
109100 4459
109200 4460
109100 4461
109000 4462
109100 4463
109000 4464
109100 4465
109200 4466
109100 4467
109200 4468
109100 4469
109000 4470
108900 4471
109000 4472
108900 4473
108800 4474
108900 4475
109000 4476
109100 4477
109000 4478
108900 4479
108800 4480
108700 4481
108800 4482
108700 4483
108600 4484
108700 4485
108800 4486
108700 4487
108600 4488
108500 4489
108400 4490
108300 4491
108400 4492
108500 4493
108400 4494
108500 4495
108600 4496
108700 4497
108800 4498
108900 4499
108800 4500
108900 4501
109000 4502
109100 4503
109200 4504
109100 4505
109000 4506
109100 4507
109200 4508
109100 4509
109200 4510
109100 4511
109200 4512
109300 4513
109200 4514
109300 4515
109200 4516
109100 4517
109000 4518
109100 4519
109200 4520
109100 4521
109200 4522
109100 4523
109200 4524
109300 4525
109200 4526
109100 4527
109000 4528
108900 4529
109000 4530
108900 4531
109000 4532
109100 4533
109200 4534
109100 4535
109200 4536
109100 4537
109000 4538
108900 4539
109000 4540
109100 4541
109200 4542
109300 4543
109400 4544
109300 4545
109400 4546
109500 4547
109600 4548
109500 4549
109400 4550
109500 4551
109400 4552
109500 4553
109600 4554
109500 4555
109400 4556
109300 4557
109400 4558
109500 4559
109400 4560
109300 4561
109400 4562
109300 4563
109200 4564
109100 4565
109000 4566
109100 4567
109200 4568
109300 4569
109400 4570
109300 4571
109400 4572
109300 4573
109400 4574
109300 4575
109200 4576
109100 4577
109000 4578
108900 4579
108800 4580
108700 4581
108800 4582
108700 4583
108600 4584
108700 4585
108600 4586
108700 4587
108800 4588
108700 4589
108800 4590
108900 4591
108800 4592
108700 4593
108800 4594
108900 4595
108800 4596
108900 4597
109000 4598
108900 4599
108800 4600
108700 4601
108600 4602
108500 4603
108600 4604
108700 4605
108600 4606
108700 4607
108600 4608
108500 4609
108400 4610
108500 4611
108600 4612
108700 4613
108600 4614
108500 4615
108400 4616
108500 4617
108600 4618
108500 4619
108400 4620
108500 4621
108400 4622
108500 4623
108600 4624
108700 4625
108600 4626
108500 4627
108400 4628
108300 4629
108400 4630
108300 4631
108400 4632
108300 4633
108400 4634
108300 4635
108400 4636
108300 4637
108200 4638
108100 4639
108000 4640
107900 4641
107800 4642
107900 4643
108000 4644
108100 4645
108000 4646
107900 4647
107800 4648
107900 4649
107800 4650
107900 4651
108000 4652
108100 4653
108000 4654
107900 4655
107800 4656
107700 4657
107600 4658
107500 4659
107600 4660
107700 4661
107600 4662
107500 4663
107400 4664
107500 4665
107400 4666
107500 4667
107600 4668
107700 4669
107800 4670
107700 4671
107800 4672
107700 4673
107600 4674
107500 4675
107400 4676
107500 4677
107600 4678
107500 4679
107400 4680
107500 4681
107400 4682
107500 4683
107600 4684
107700 4685
107600 4686
107700 4687
107800 4688
107900 4689
107800 4690
107700 4691
107800 4692
107900 4693
108000 4694
107900 4695
107800 4696
107700 4697
107600 4698
107500 4699
107600 4700
107700 4701
107800 4702
107700 4703
107800 4704
107900 4705
108000 4706
107900 4707
108000 4708
107900 4709
107800 4710
107900 4711
107800 4712
107700 4713
107800 4714
107900 4715
108000 4716
108100 4717
108200 4718
108300 4719
108200 4720
108300 4721
108200 4722
108300 4723
108200 4724
108300 4725
108200 4726
108300 4727
108200 4728
108300 4729
108200 4730
108300 4731
108200 4732
108100 4733
108200 4734
108100 4735
108200 4736
108300 4737
108200 4738
108100 4739
108200 4740
108100 4741
108200 4742
108300 4743
108200 4744
108100 4745
108200 4746
108300 4747
108200 4748
108100 4749
108000 4750
108100 4751
108000 4752
107900 4753
107800 4754
107900 4755
108000 4756
108100 4757
108000 4758
107900 4759
108000 4760
107900 4761
108000 4762
108100 4763
108200 4764
108300 4765
108400 4766
108500 4767
108400 4768
108300 4769
108200 4770
108100 4771
108200 4772
108100 4773
108200 4774
108300 4775
108400 4776
108300 4777
108400 4778
108300 4779
108200 4780
108100 4781
108200 4782
108100 4783
108200 4784
108100 4785
108200 4786
108100 4787
108200 4788
108300 4789
108200 4790
108300 4791
108400 4792
108300 4793
108200 4794
108300 4795
108400 4796
108500 4797
108600 4798
108500 4799
108400 4800
108300 4801
108400 4802
108500 4803
108400 4804
108500 4805
108400 4806
108300 4807
108200 4808
108100 4809
108200 4810
108300 4811
108200 4812
108100 4813
108200 4814
108100 4815
108200 4816
108100 4817
108000 4818
108100 4819
108000 4820
108100 4821
108200 4822
108300 4823
108200 4824
108300 4825
108400 4826
108500 4827
108600 4828
108500 4829
108400 4830
108500 4831
108400 4832
108300 4833
108400 4834
108500 4835
108400 4836
108300 4837
108400 4838
108500 4839
108400 4840
108300 4841
108400 4842
108300 4843
108200 4844
108100 4845
108200 4846
108100 4847
108200 4848
108300 4849
108200 4850
108300 4851
108400 4852
108500 4853
108600 4854
108500 4855
108400 4856
108500 4857
108400 4858
108300 4859
108200 4860
108300 4861
108200 4862
108100 4863
108000 4864
108100 4865
108200 4866
108100 4867
108200 4868
108300 4869
108200 4870
108100 4871
108200 4872
108300 4873
108400 4874
108300 4875
108200 4876
108100 4877
108200 4878
108100 4879
108200 4880
108100 4881
108200 4882
108100 4883
108000 4884
107900 4885
107800 4886
107900 4887
107800 4888
107900 4889
107800 4890
107700 4891
107800 4892
107900 4893
107800 4894
107900 4895
107800 4896
107700 4897
107800 4898
107900 4899
107800 4900
107900 4901
107800 4902
107700 4903
107600 4904
107500 4905
107400 4906
107300 4907
107400 4908
107300 4909
107200 4910
107300 4911
107400 4912
107300 4913
107200 4914
107100 4915
107000 4916
107100 4917
107200 4918
107300 4919
107400 4920
107500 4921
107600 4922
107700 4923
107800 4924
107700 4925
107600 4926
107700 4927
107600 4928
107700 4929
107600 4930
107500 4931
107400 4932
107500 4933
107400 4934
107300 4935
107400 4936
107500 4937
107600 4938
107700 4939
107600 4940
107700 4941
107600 4942
107700 4943
107800 4944
107900 4945
108000 4946
107900 4947
107800 4948
107700 4949
107600 4950
107700 4951
107800 4952
107900 4953
108000 4954
107900 4955
107800 4956
107900 4957
108000 4958
107900 4959
108000 4960
108100 4961
108000 4962
108100 4963
108200 4964
108100 4965
108000 4966
108100 4967
108000 4968
108100 4969
108200 4970
108100 4971
108200 4972
108100 4973
108200 4974
108100 4975
108200 4976
108300 4977
108400 4978
108500 4979
108400 4980
108300 4981
108400 4982
108300 4983
108200 4984
108300 4985
108400 4986
108300 4987
108200 4988
108100 4989
108200 4990
108100 4991
108200 4992
108300 4993
108200 4994
108100 4995
108200 4996
108300 4997
108400 4998
108500 4999
108400 5000
108500 5001
108400 5002
108300 5003
108400 5004
108300 5005
108200 5006
108300 5007
108200 5008
108100 5009
108000 5010
108100 5011
108000 5012
107900 5013
108000 5014
107900 5015
108000 5016
108100 5017
108200 5018
108300 5019
108400 5020
108300 5021
108400 5022
108300 5023
108200 5024
108100 5025
108200 5026
108300 5027
108200 5028
108300 5029
108200 5030
108100 5031
108000 5032
107900 5033
108000 5034
107900 5035
108000 5036
107900 5037
108000 5038
107900 5039
107800 5040
107900 5041
108000 5042
108100 5043
108000 5044
107900 5045
108000 5046
108100 5047
108200 5048
108100 5049
108000 5050
107900 5051
108000 5052
108100 5053
108200 5054
108300 5055
108400 5056
108500 5057
108400 5058
108300 5059
108200 5060
108300 5061
108400 5062
108300 5063
108400 5064
108300 5065
108200 5066
108100 5067
108000 5068
108100 5069
108000 5070
108100 5071
108000 5072
108100 5073
108200 5074
108300 5075
108400 5076
108500 5077
108400 5078
108300 5079
108400 5080
108500 5081
108600 5082
108700 5083
108800 5084
108900 5085
109000 5086
109100 5087
109200 5088
109300 5089
109200 5090
109300 5091
109200 5092
109100 5093
109000 5094
108900 5095
109000 5096
108900 5097
109000 5098
109100 5099
109200 5100
109300 5101
109400 5102
109500 5103
109400 5104
109500 5105
109400 5106
109500 5107
109600 5108
109500 5109
109600 5110
109500 5111
109600 5112
109700 5113
109600 5114
109700 5115
109800 5116
109900 5117
109800 5118
109700 5119
109600 5120
109500 5121
109400 5122
109500 5123
109600 5124
109500 5125
109600 5126
109500 5127
109600 5128
109500 5129
109600 5130
109700 5131
109800 5132
109900 5133
110000 5134
