#Player 1 
#Money Round 
99000 1
98000 2
99000 3
100000 4
101000 5
102000 6
103000 7
102000 8
101000 9
100000 10
101000 11
102000 12
103000 13
104000 14
103000 15
102000 16
103000 17
104000 18
105000 19
106000 20
107000 21
108000 22
109000 23
110000 24
109000 25
108000 26
107000 27
108000 28
109000 29
110000 30
109000 31
110000 32
111000 33
110000 34
109000 35
108000 36
107000 37
108000 38
109000 39
110000 40
111000 41
110000 42
111000 43
110000 44
111000 45
110000 46
111000 47
112000 48
113000 49
114000 50
113000 51
114000 52
113000 53
114000 54
113000 55
114000 56
115000 57
114000 58
113000 59
114000 60
115000 61
114000 62
115000 63
114000 64
113000 65
112000 66
111000 67
110000 68
109000 69
108000 70
109000 71
108000 72
109000 73
108000 74
109000 75
110000 76
111000 77
112000 78
111000 79
112000 80
113000 81
112000 82
111000 83
112000 84
111000 85
110000 86
111000 87
110000 88
109000 89
110000 90
111000 91
110000 92
111000 93
110000 94
111000 95
110000 96
109000 97
110000 98
109000 99
110000 100
111000 101
110000 102
111000 103
112000 104
111000 105
112000 106
111000 107
110000 108
111000 109
110000 110
109000 111
108000 112
107000 113
108000 114
107000 115
106000 116
105000 117
106000 118
105000 119
106000 120
105000 121
104000 122
103000 123
104000 124
103000 125
104000 126
103000 127
104000 128
103000 129
102000 130
103000 131
102000 132
101000 133
102000 134
103000 135
104000 136
105000 137
106000 138
105000 139
104000 140
103000 141
104000 142
105000 143
104000 144
105000 145
106000 146
107000 147
106000 148
105000 149
106000 150
105000 151
104000 152
105000 153
104000 154
105000 155
104000 156
103000 157
104000 158
105000 159
106000 160
107000 161
108000 162
107000 163
108000 164
109000 165
110000 166
109000 167
110000 168
109000 169
110000 170
111000 171
110000 172
109000 173
110000 174
109000 175
110000 176
111000 177
110000 178
109000 179
110000 180
111000 181
112000 182
113000 183
114000 184
115000 185
116000 186
117000 187
118000 188
119000 189
120000 190
119000 191
120000 192
121000 193
120000 194
119000 195
118000 196
119000 197
118000 198
119000 199
118000 200
117000 201
116000 202
117000 203
118000 204
119000 205
118000 206
117000 207
116000 208
117000 209
116000 210
117000 211
116000 212
115000 213
114000 214
115000 215
114000 216
115000 217
116000 218
115000 219
116000 220
117000 221
118000 222
119000 223
120000 224
119000 225
118000 226
119000 227
118000 228
117000 229
118000 230
117000 231
118000 232
119000 233
118000 234
117000 235
118000 236
119000 237
120000 238
119000 239
120000 240
121000 241
120000 242
119000 243
120000 244
121000 245
120000 246
121000 247
122000 248
123000 249
124000 250
125000 251
124000 252
123000 253
122000 254
121000 255
122000 256
121000 257
120000 258
119000 259
118000 260
117000 261
118000 262
119000 263
120000 264
121000 265
122000 266
121000 267
122000 268
123000 269
124000 270
123000 271
122000 272
123000 273
124000 274
123000 275
124000 276
123000 277
124000 278
123000 279
124000 280
123000 281
122000 282
121000 283
120000 284
121000 285
120000 286
121000 287
120000 288
119000 289
118000 290
119000 291
120000 292
119000 293
120000 294
119000 295
118000 296
117000 297
118000 298
119000 299
118000 300
119000 301
120000 302
119000 303
118000 304
117000 305
118000 306
117000 307
116000 308
117000 309
118000 310
119000 311
118000 312
119000 313
118000 314
117000 315
116000 316
115000 317
116000 318
117000 319
118000 320
117000 321
118000 322
117000 323
118000 324
119000 325
120000 326
121000 327
120000 328
119000 329
120000 330
119000 331
120000 332
119000 333
118000 334
117000 335
116000 336
115000 337
116000 338
117000 339
116000 340
115000 341
114000 342
115000 343
116000 344
115000 345
116000 346
117000 347
116000 348
115000 349
116000 350
115000 351
116000 352
117000 353
118000 354
119000 355
118000 356
117000 357
118000 358
119000 359
118000 360
119000 361
120000 362
119000 363
118000 364
119000 365
120000 366
121000 367
122000 368
123000 369
124000 370
123000 371
122000 372
121000 373
122000 374
123000 375
124000 376
125000 377
124000 378
123000 379
122000 380
121000 381
122000 382
123000 383
122000 384
121000 385
122000 386
123000 387
124000 388
123000 389
124000 390
125000 391
124000 392
125000 393
126000 394
127000 395
128000 396
129000 397
128000 398
127000 399
128000 400
127000 401
126000 402
125000 403
124000 404
123000 405
124000 406
123000 407
122000 408
121000 409
120000 410
119000 411
118000 412
117000 413
116000 414
117000 415
118000 416
119000 417
120000 418
121000 419
120000 420
119000 421
120000 422
119000 423
118000 424
119000 425
120000 426
119000 427
118000 428
117000 429
116000 430
117000 431
116000 432
117000 433
116000 434
117000 435
116000 436
115000 437
114000 438
115000 439
116000 440
115000 441
114000 442
113000 443
114000 444
113000 445
112000 446
111000 447
110000 448
111000 449
112000 450
111000 451
112000 452
111000 453
112000 454
113000 455
114000 456
113000 457
114000 458
113000 459
112000 460
111000 461
112000 462
111000 463
110000 464
111000 465
112000 466
113000 467
112000 468
113000 469
112000 470
113000 471
114000 472
113000 473
114000 474
115000 475
114000 476
115000 477
114000 478
115000 479
116000 480
115000 481
114000 482
113000 483
114000 484
115000 485
114000 486
113000 487
112000 488
113000 489
112000 490
113000 491
112000 492
113000 493
114000 494
115000 495
114000 496
113000 497
112000 498
113000 499
114000 500
115000 501
116000 502
117000 503
118000 504
117000 505
118000 506
119000 507
120000 508
119000 509
118000 510
117000 511
118000 512
117000 513
116000 514
117000 515
118000 516
117000 517
118000 518
117000 519
118000 520
117000 521
116000 522
117000 523
118000 524
117000 525
116000 526
117000 527
116000 528
117000 529
116000 530
115000 531
116000 532
115000 533
114000 534
115000 535
116000 536
117000 537
116000 538
115000 539
116000 540
115000 541
116000 542
115000 543
116000 544
117000 545
116000 546
115000 547
114000 548
113000 549
112000 550
111000 551
110000 552
109000 553
108000 554
107000 555
108000 556
109000 557
108000 558
107000 559
106000 560
105000 561
106000 562
107000 563
108000 564
107000 565
106000 566
105000 567
106000 568
107000 569
106000 570
105000 571
106000 572
107000 573
106000 574
105000 575
106000 576
107000 577
106000 578
105000 579
104000 580
105000 581
106000 582
107000 583
106000 584
107000 585
108000 586
109000 587
110000 588
109000 589
110000 590
111000 591
112000 592
111000 593
110000 594
111000 595
110000 596
111000 597
110000 598
109000 599
108000 600
109000 601
108000 602
109000 603
110000 604
109000 605
110000 606
109000 607
110000 608
109000 609
108000 610
109000 611
108000 612
109000 613
110000 614
109000 615
108000 616
109000 617
108000 618
107000 619
106000 620
105000 621
104000 622
103000 623
102000 624
103000 625
104000 626
105000 627
104000 628
103000 629
104000 630
103000 631
102000 632
103000 633
104000 634
103000 635
102000 636
101000 637
102000 638
103000 639
102000 640
101000 641
102000 642
101000 643
102000 644
101000 645
102000 646
103000 647
102000 648
101000 649
102000 650
103000 651
104000 652
105000 653
104000 654
103000 655
102000 656
101000 657
102000 658
101000 659
102000 660
101000 661
100000 662
99000 663
98000 664
97000 665
98000 666
99000 667
100000 668
101000 669
100000 670
101000 671
102000 672
101000 673
102000 674
103000 675
104000 676
103000 677
102000 678
103000 679
102000 680
101000 681
100000 682
99000 683
100000 684
99000 685
98000 686
99000 687
100000 688
99000 689
98000 690
97000 691
96000 692
95000 693
94000 694
93000 695
94000 696
93000 697
92000 698
93000 699
94000 700
93000 701
92000 702
91000 703
92000 704
91000 705
92000 706
91000 707
90000 708
91000 709
92000 710
93000 711
94000 712
93000 713
92000 714
93000 715
94000 716
95000 717
96000 718
97000 719
98000 720
97000 721
98000 722
99000 723
100000 724
101000 725
102000 726
103000 727
102000 728
101000 729
100000 730
101000 731
102000 732
101000 733
100000 734
99000 735
100000 736
99000 737
98000 738
97000 739
96000 740
97000 741
96000 742
95000 743
94000 744
95000 745
94000 746
93000 747
94000 748
93000 749
92000 750
93000 751
92000 752
91000 753
90000 754
91000 755
90000 756
91000 757
90000 758
89000 759
90000 760
91000 761
90000 762
89000 763
88000 764
87000 765
88000 766
89000 767
90000 768
89000 769
88000 770
87000 771
88000 772
87000 773
88000 774
89000 775
88000 776
87000 777
86000 778
87000 779
86000 780
85000 781
86000 782
85000 783
86000 784
85000 785
86000 786
87000 787
88000 788
87000 789
86000 790
85000 791
86000 792
85000 793
84000 794
83000 795
82000 796
83000 797
82000 798
83000 799
82000 800
83000 801
82000 802
83000 803
84000 804
83000 805
82000 806
83000 807
84000 808
85000 809
86000 810
87000 811
86000 812
87000 813
88000 814
89000 815
88000 816
87000 817
88000 818
89000 819
90000 820
91000 821
90000 822
89000 823
90000 824
91000 825
90000 826
89000 827
88000 828
89000 829
88000 830
87000 831
88000 832
89000 833
88000 834
89000 835
90000 836
89000 837
88000 838
89000 839
90000 840
91000 841
92000 842
91000 843
92000 844
93000 845
92000 846
93000 847
94000 848
93000 849
92000 850
93000 851
94000 852
95000 853
96000 854
95000 855
96000 856
95000 857
94000 858
95000 859
94000 860
93000 861
92000 862
93000 863
92000 864
93000 865
94000 866
95000 867
94000 868
93000 869
92000 870
93000 871
92000 872
91000 873
92000 874
91000 875
92000 876
93000 877
94000 878
95000 879
94000 880
93000 881
94000 882
93000 883
94000 884
95000 885
94000 886
93000 887
92000 888
91000 889
92000 890
93000 891
94000 892
93000 893
94000 894
95000 895
94000 896
93000 897
92000 898
91000 899
92000 900
93000 901
94000 902
93000 903
94000 904
93000 905
92000 906
91000 907
92000 908
91000 909
92000 910
91000 911
90000 912
89000 913
90000 914
91000 915
92000 916
93000 917
94000 918
95000 919
96000 920
97000 921
98000 922
97000 923
98000 924
99000 925
98000 926
97000 927
96000 928
95000 929
96000 930
95000 931
94000 932
93000 933
94000 934
93000 935
92000 936
93000 937
92000 938
93000 939
92000 940
91000 941
90000 942
91000 943
90000 944
89000 945
90000 946
89000 947
88000 948
87000 949
86000 950
87000 951
86000 952
85000 953
84000 954
83000 955
84000 956
83000 957
82000 958
81000 959
80000 960
81000 961
82000 962
81000 963
82000 964
83000 965
84000 966
83000 967
84000 968
83000 969
84000 970
85000 971
84000 972
83000 973
84000 974
83000 975
82000 976
81000 977
82000 978
81000 979
80000 980
79000 981
78000 982
77000 983
78000 984
77000 985
76000 986
75000 987
76000 988
75000 989
76000 990
77000 991
76000 992
75000 993
74000 994
75000 995
74000 996
75000 997
76000 998
77000 999
76000 1000
75000 1001
76000 1002
75000 1003
74000 1004
75000 1005
74000 1006
73000 1007
72000 1008
73000 1009
74000 1010
73000 1011
74000 1012
75000 1013
76000 1014
77000 1015
76000 1016
75000 1017
76000 1018
75000 1019
74000 1020
75000 1021
74000 1022
73000 1023
72000 1024
73000 1025
74000 1026
75000 1027
74000 1028
75000 1029
76000 1030
77000 1031
76000 1032
77000 1033
76000 1034
77000 1035
78000 1036
79000 1037
80000 1038
81000 1039
80000 1040
81000 1041
82000 1042
83000 1043
82000 1044
83000 1045
84000 1046
83000 1047
82000 1048
83000 1049
84000 1050
83000 1051
84000 1052
85000 1053
86000 1054
87000 1055
88000 1056
89000 1057
88000 1058
89000 1059
88000 1060
87000 1061
86000 1062
87000 1063
86000 1064
87000 1065
86000 1066
87000 1067
86000 1068
87000 1069
86000 1070
87000 1071
88000 1072
87000 1073
88000 1074
87000 1075
86000 1076
85000 1077
84000 1078
83000 1079
84000 1080
85000 1081
86000 1082
85000 1083
84000 1084
83000 1085
82000 1086
81000 1087
80000 1088
79000 1089
78000 1090
79000 1091
80000 1092
81000 1093
80000 1094
81000 1095
82000 1096
83000 1097
82000 1098
83000 1099
84000 1100
85000 1101
86000 1102
85000 1103
84000 1104
85000 1105
86000 1106
87000 1107
88000 1108
87000 1109
86000 1110
87000 1111
86000 1112
85000 1113
86000 1114
87000 1115
86000 1116
85000 1117
84000 1118
83000 1119
84000 1120
85000 1121
84000 1122
83000 1123
82000 1124
81000 1125
80000 1126
79000 1127
78000 1128
79000 1129
80000 1130
81000 1131
80000 1132
79000 1133
78000 1134
77000 1135
76000 1136
77000 1137
76000 1138
75000 1139
74000 1140
73000 1141
72000 1142
71000 1143
72000 1144
73000 1145
74000 1146
75000 1147
74000 1148
73000 1149
74000 1150
73000 1151
72000 1152
71000 1153
70000 1154
69000 1155
68000 1156
69000 1157
70000 1158
71000 1159
70000 1160
71000 1161
70000 1162
71000 1163
70000 1164
71000 1165
72000 1166
71000 1167
72000 1168
73000 1169
74000 1170
75000 1171
74000 1172
73000 1173
74000 1174
75000 1175
74000 1176
73000 1177
74000 1178
75000 1179
76000 1180
77000 1181
76000 1182
77000 1183
78000 1184
77000 1185
78000 1186
77000 1187
76000 1188
75000 1189
76000 1190
75000 1191
76000 1192
77000 1193
78000 1194
77000 1195
76000 1196
77000 1197
78000 1198
79000 1199
78000 1200
79000 1201
80000 1202
81000 1203
80000 1204
81000 1205
80000 1206
81000 1207
80000 1208
79000 1209
80000 1210
81000 1211
82000 1212
83000 1213
84000 1214
83000 1215
84000 1216
85000 1217
86000 1218
85000 1219
86000 1220
87000 1221
86000 1222
87000 1223
86000 1224
85000 1225
86000 1226
87000 1227
88000 1228
87000 1229
86000 1230
85000 1231
86000 1232
87000 1233
86000 1234
85000 1235
84000 1236
83000 1237
84000 1238
83000 1239
84000 1240
85000 1241
86000 1242
87000 1243
88000 1244
89000 1245
88000 1246
87000 1247
86000 1248
87000 1249
86000 1250
87000 1251
88000 1252
87000 1253
88000 1254
87000 1255
88000 1256
89000 1257
90000 1258
89000 1259
88000 1260
87000 1261
86000 1262
87000 1263
86000 1264
87000 1265
86000 1266
87000 1267
86000 1268
87000 1269
88000 1270
87000 1271
86000 1272
85000 1273
86000 1274
87000 1275
88000 1276
87000 1277
88000 1278
89000 1279
88000 1280
87000 1281
88000 1282
87000 1283
88000 1284
87000 1285
88000 1286
87000 1287
88000 1288
89000 1289
88000 1290
87000 1291
88000 1292
87000 1293
88000 1294
87000 1295
86000 1296
87000 1297
86000 1298
85000 1299
84000 1300
85000 1301
84000 1302
83000 1303
82000 1304
81000 1305
80000 1306
79000 1307
80000 1308
81000 1309
80000 1310
79000 1311
78000 1312
79000 1313
78000 1314
79000 1315
78000 1316
79000 1317
80000 1318
81000 1319
80000 1320
81000 1321
80000 1322
81000 1323
80000 1324
79000 1325
78000 1326
77000 1327
78000 1328
79000 1329
80000 1330
81000 1331
82000 1332
83000 1333
84000 1334
83000 1335
84000 1336
85000 1337
84000 1338
85000 1339
84000 1340
85000 1341
84000 1342
85000 1343
84000 1344
85000 1345
84000 1346
83000 1347
84000 1348
85000 1349
86000 1350
85000 1351
86000 1352
87000 1353
88000 1354
89000 1355
90000 1356
91000 1357
90000 1358
89000 1359
90000 1360
91000 1361
92000 1362
93000 1363
92000 1364
93000 1365
94000 1366
95000 1367
94000 1368
93000 1369
92000 1370
93000 1371
92000 1372
93000 1373
92000 1374
91000 1375
92000 1376
91000 1377
92000 1378
93000 1379
92000 1380
91000 1381
92000 1382
93000 1383
92000 1384
93000 1385
94000 1386
93000 1387
92000 1388
93000 1389
94000 1390
95000 1391
96000 1392
95000 1393
94000 1394
95000 1395
96000 1396
95000 1397
96000 1398
95000 1399
96000 1400
97000 1401
98000 1402
97000 1403
96000 1404
95000 1405
96000 1406
95000 1407
96000 1408
97000 1409
98000 1410
99000 1411
100000 1412
101000 1413
102000 1414
101000 1415
102000 1416
101000 1417
100000 1418
99000 1419
98000 1420
97000 1421
98000 1422
99000 1423
98000 1424
97000 1425
96000 1426
97000 1427
98000 1428
99000 1429
100000 1430
101000 1431
100000 1432
99000 1433
100000 1434
99000 1435
98000 1436
97000 1437
98000 1438
97000 1439
98000 1440
99000 1441
100000 1442
101000 1443
100000 1444
99000 1445
100000 1446
99000 1447
98000 1448
99000 1449
98000 1450
97000 1451
96000 1452
95000 1453
96000 1454
97000 1455
96000 1456
97000 1457
98000 1458
97000 1459
96000 1460
95000 1461
94000 1462
95000 1463
96000 1464
95000 1465
96000 1466
95000 1467
96000 1468
97000 1469
98000 1470
99000 1471
100000 1472
99000 1473
98000 1474
97000 1475
96000 1476
97000 1477
96000 1478
97000 1479
98000 1480
97000 1481
98000 1482
97000 1483
98000 1484
99000 1485
100000 1486
101000 1487
100000 1488
99000 1489
100000 1490
101000 1491
100000 1492
101000 1493
100000 1494
99000 1495
100000 1496
101000 1497
100000 1498
101000 1499
102000 1500
103000 1501
104000 1502
103000 1503
102000 1504
101000 1505
102000 1506
103000 1507
104000 1508
105000 1509
104000 1510
103000 1511
104000 1512
105000 1513
106000 1514
105000 1515
104000 1516
103000 1517
104000 1518
105000 1519
104000 1520
103000 1521
102000 1522
103000 1523
104000 1524
105000 1525
104000 1526
105000 1527
106000 1528
105000 1529
106000 1530
105000 1531
106000 1532
105000 1533
104000 1534
103000 1535
104000 1536
103000 1537
102000 1538
101000 1539
100000 1540
101000 1541
100000 1542
99000 1543
100000 1544
99000 1545
100000 1546
101000 1547
102000 1548
101000 1549
100000 1550
99000 1551
98000 1552
99000 1553
100000 1554
101000 1555
100000 1556
101000 1557
102000 1558
101000 1559
100000 1560
99000 1561
100000 1562
101000 1563
102000 1564
101000 1565
100000 1566
99000 1567
100000 1568
99000 1569
98000 1570
97000 1571
98000 1572
99000 1573
98000 1574
99000 1575
98000 1576
99000 1577
100000 1578
101000 1579
100000 1580
99000 1581
98000 1582
99000 1583
100000 1584
101000 1585
100000 1586
101000 1587
100000 1588
101000 1589
100000 1590
99000 1591
100000 1592
101000 1593
102000 1594
101000 1595
102000 1596
101000 1597
100000 1598
99000 1599
98000 1600
99000 1601
98000 1602
97000 1603
98000 1604
97000 1605
98000 1606
97000 1607
98000 1608
99000 1609
100000 1610
101000 1611
100000 1612
99000 1613
98000 1614
99000 1615
98000 1616
97000 1617
98000 1618
97000 1619
98000 1620
97000 1621
98000 1622
97000 1623
96000 1624
95000 1625
96000 1626
97000 1627
96000 1628
97000 1629
96000 1630
97000 1631
96000 1632
97000 1633
98000 1634
97000 1635
96000 1636
97000 1637
98000 1638
99000 1639
100000 1640
99000 1641
100000 1642
101000 1643
102000 1644
103000 1645
104000 1646
103000 1647
102000 1648
101000 1649
100000 1650
101000 1651
102000 1652
101000 1653
100000 1654
101000 1655
100000 1656
99000 1657
100000 1658
101000 1659
102000 1660
103000 1661
104000 1662
105000 1663
106000 1664
105000 1665
104000 1666
105000 1667
104000 1668
105000 1669
106000 1670
105000 1671
106000 1672
105000 1673
106000 1674
105000 1675
106000 1676
107000 1677
106000 1678
105000 1679
104000 1680
103000 1681
102000 1682
103000 1683
104000 1684
103000 1685
102000 1686
103000 1687
104000 1688
103000 1689
102000 1690
103000 1691
104000 1692
105000 1693
104000 1694
105000 1695
106000 1696
105000 1697
104000 1698
103000 1699
102000 1700
103000 1701
104000 1702
103000 1703
102000 1704
103000 1705
102000 1706
101000 1707
102000 1708
103000 1709
102000 1710
101000 1711
100000 1712
101000 1713
100000 1714
99000 1715
100000 1716
99000 1717
100000 1718
99000 1719
100000 1720
101000 1721
102000 1722
101000 1723
102000 1724
103000 1725
104000 1726
103000 1727
104000 1728
103000 1729
104000 1730
103000 1731
102000 1732
101000 1733
102000 1734
101000 1735
100000 1736
101000 1737
100000 1738
99000 1739
100000 1740
101000 1741
102000 1742
103000 1743
104000 1744
105000 1745
106000 1746
105000 1747
104000 1748
105000 1749
104000 1750
105000 1751
104000 1752
105000 1753
104000 1754
103000 1755
102000 1756
103000 1757
102000 1758
103000 1759
102000 1760
101000 1761
102000 1762
101000 1763
100000 1764
99000 1765
98000 1766
97000 1767
96000 1768
95000 1769
96000 1770
95000 1771
96000 1772
95000 1773
94000 1774
95000 1775
94000 1776
93000 1777
94000 1778
93000 1779
92000 1780
93000 1781
94000 1782
93000 1783
92000 1784
91000 1785
92000 1786
93000 1787
92000 1788
91000 1789
92000 1790
91000 1791
90000 1792
91000 1793
90000 1794
91000 1795
90000 1796
89000 1797
90000 1798
89000 1799
90000 1800
89000 1801
90000 1802
91000 1803
90000 1804
91000 1805
92000 1806
93000 1807
94000 1808
93000 1809
94000 1810
93000 1811
94000 1812
95000 1813
94000 1814
93000 1815
94000 1816
93000 1817
94000 1818
93000 1819
94000 1820
95000 1821
94000 1822
95000 1823
96000 1824
95000 1825
96000 1826
97000 1827
96000 1828
95000 1829
96000 1830
97000 1831
98000 1832
97000 1833
98000 1834
99000 1835
98000 1836
99000 1837
98000 1838
97000 1839
96000 1840
97000 1841
96000 1842
97000 1843
98000 1844
97000 1845
96000 1846
97000 1847
96000 1848
95000 1849
96000 1850
95000 1851
94000 1852
95000 1853
94000 1854
95000 1855
96000 1856
95000 1857
96000 1858
95000 1859
96000 1860
95000 1861
96000 1862
95000 1863
96000 1864
95000 1865
94000 1866
95000 1867
94000 1868
95000 1869
94000 1870
95000 1871
96000 1872
95000 1873
94000 1874
93000 1875
92000 1876
91000 1877
90000 1878
91000 1879
90000 1880
89000 1881
88000 1882
87000 1883
86000 1884
87000 1885
88000 1886
87000 1887
88000 1888
87000 1889
88000 1890
89000 1891
88000 1892
89000 1893
90000 1894
91000 1895
90000 1896
89000 1897
90000 1898
91000 1899
92000 1900
93000 1901
94000 1902
93000 1903
92000 1904
91000 1905
92000 1906
93000 1907
92000 1908
93000 1909
92000 1910
91000 1911
90000 1912
91000 1913
92000 1914
91000 1915
90000 1916
91000 1917
90000 1918
89000 1919
90000 1920
91000 1921
92000 1922
91000 1923
90000 1924
89000 1925
90000 1926
89000 1927
90000 1928
91000 1929
90000 1930
89000 1931
88000 1932
89000 1933
88000 1934
89000 1935
90000 1936
91000 1937
92000 1938
93000 1939
94000 1940
93000 1941
94000 1942
93000 1943
94000 1944
95000 1945
94000 1946
93000 1947
94000 1948
93000 1949
92000 1950
93000 1951
92000 1952
91000 1953
92000 1954
93000 1955
92000 1956
91000 1957
90000 1958
89000 1959
88000 1960
89000 1961
88000 1962
87000 1963
86000 1964
87000 1965
86000 1966
85000 1967
84000 1968
83000 1969
84000 1970
85000 1971
84000 1972
85000 1973
84000 1974
83000 1975
84000 1976
83000 1977
82000 1978
83000 1979
84000 1980
83000 1981
84000 1982
83000 1983
82000 1984
83000 1985
84000 1986
83000 1987
82000 1988
81000 1989
80000 1990
79000 1991
78000 1992
79000 1993
80000 1994
81000 1995
80000 1996
81000 1997
80000 1998
81000 1999
82000 2000
81000 2001
82000 2002
83000 2003
84000 2004
85000 2005
86000 2006
85000 2007
84000 2008
83000 2009
82000 2010
81000 2011
80000 2012
81000 2013
80000 2014
79000 2015
80000 2016
81000 2017
82000 2018
81000 2019
80000 2020
79000 2021
80000 2022
81000 2023
82000 2024
81000 2025
80000 2026
79000 2027
78000 2028
79000 2029
78000 2030
79000 2031
80000 2032
79000 2033
78000 2034
77000 2035
78000 2036
79000 2037
78000 2038
77000 2039
76000 2040
77000 2041
76000 2042
77000 2043
78000 2044
77000 2045
78000 2046
77000 2047
76000 2048
77000 2049
76000 2050
77000 2051
78000 2052
79000 2053
78000 2054
77000 2055
76000 2056
77000 2057
76000 2058
75000 2059
76000 2060
75000 2061
76000 2062
75000 2063
74000 2064
75000 2065
74000 2066
73000 2067
72000 2068
73000 2069
72000 2070
71000 2071
70000 2072
71000 2073
70000 2074
69000 2075
70000 2076
71000 2077
70000 2078
71000 2079
70000 2080
69000 2081
70000 2082
71000 2083
72000 2084
71000 2085
70000 2086
71000 2087
72000 2088
73000 2089
72000 2090
73000 2091
72000 2092
71000 2093
70000 2094
71000 2095
70000 2096
69000 2097
70000 2098
69000 2099
68000 2100
67000 2101
68000 2102
69000 2103
70000 2104
71000 2105
72000 2106
73000 2107
72000 2108
71000 2109
72000 2110
73000 2111
74000 2112
75000 2113
76000 2114
75000 2115
76000 2116
75000 2117
74000 2118
75000 2119
76000 2120
75000 2121
74000 2122
75000 2123
76000 2124
75000 2125
76000 2126
75000 2127
74000 2128
75000 2129
74000 2130
73000 2131
74000 2132
75000 2133
74000 2134
73000 2135
74000 2136
73000 2137
72000 2138
73000 2139
74000 2140
73000 2141
74000 2142
75000 2143
74000 2144
75000 2145
76000 2146
75000 2147
76000 2148
77000 2149
76000 2150
75000 2151
76000 2152
75000 2153
74000 2154
73000 2155
72000 2156
71000 2157
72000 2158
73000 2159
74000 2160
75000 2161
74000 2162
75000 2163
74000 2164
75000 2165
74000 2166
73000 2167
72000 2168
71000 2169
72000 2170
73000 2171
74000 2172
73000 2173
74000 2174
75000 2175
76000 2176
75000 2177
76000 2178
75000 2179
74000 2180
73000 2181
72000 2182
71000 2183
72000 2184
71000 2185
72000 2186
71000 2187
70000 2188
71000 2189
70000 2190
71000 2191
72000 2192
71000 2193
72000 2194
71000 2195
72000 2196
73000 2197
74000 2198
73000 2199
72000 2200
73000 2201
72000 2202
71000 2203
72000 2204
73000 2205
72000 2206
73000 2207
72000 2208
73000 2209
74000 2210
73000 2211
72000 2212
73000 2213
72000 2214
73000 2215
74000 2216
73000 2217
72000 2218
73000 2219
72000 2220
71000 2221
70000 2222
69000 2223
68000 2224
69000 2225
70000 2226
69000 2227
70000 2228
71000 2229
70000 2230
71000 2231
72000 2232
73000 2233
74000 2234
73000 2235
74000 2236
73000 2237
74000 2238
73000 2239
72000 2240
71000 2241
70000 2242
71000 2243
72000 2244
73000 2245
74000 2246
75000 2247
76000 2248
77000 2249
76000 2250
77000 2251
76000 2252
77000 2253
76000 2254
75000 2255
74000 2256
73000 2257
72000 2258
71000 2259
72000 2260
73000 2261
72000 2262
71000 2263
72000 2264
73000 2265
74000 2266
75000 2267
74000 2268
75000 2269
74000 2270
75000 2271
74000 2272
75000 2273
76000 2274
75000 2275
76000 2276
77000 2277
78000 2278
79000 2279
80000 2280
79000 2281
80000 2282
81000 2283
82000 2284
81000 2285
82000 2286
83000 2287
84000 2288
85000 2289
86000 2290
87000 2291
88000 2292
89000 2293
88000 2294
89000 2295
90000 2296
89000 2297
88000 2298
89000 2299
90000 2300
89000 2301
90000 2302
89000 2303
90000 2304
91000 2305
90000 2306
89000 2307
88000 2308
89000 2309
88000 2310
87000 2311
86000 2312
87000 2313
86000 2314
85000 2315
84000 2316
85000 2317
86000 2318
85000 2319
84000 2320
83000 2321
82000 2322
81000 2323
82000 2324
81000 2325
80000 2326
79000 2327
80000 2328
79000 2329
80000 2330
79000 2331
80000 2332
79000 2333
80000 2334
79000 2335
80000 2336
81000 2337
82000 2338
83000 2339
82000 2340
81000 2341
80000 2342
81000 2343
82000 2344
83000 2345
82000 2346
83000 2347
84000 2348
85000 2349
84000 2350
83000 2351
84000 2352
85000 2353
84000 2354
85000 2355
84000 2356
83000 2357
84000 2358
85000 2359
86000 2360
85000 2361
86000 2362
87000 2363
88000 2364
89000 2365
90000 2366
89000 2367
88000 2368
87000 2369
86000 2370
85000 2371
86000 2372
85000 2373
84000 2374
83000 2375
82000 2376
83000 2377
84000 2378
83000 2379
82000 2380
83000 2381
84000 2382
85000 2383
86000 2384
85000 2385
86000 2386
87000 2387
88000 2388
87000 2389
88000 2390
87000 2391
86000 2392
85000 2393
86000 2394
85000 2395
84000 2396
85000 2397
84000 2398
83000 2399
82000 2400
81000 2401
82000 2402
83000 2403
82000 2404
83000 2405
84000 2406
83000 2407
82000 2408
83000 2409
84000 2410
85000 2411
86000 2412
85000 2413
84000 2414
85000 2415
86000 2416
87000 2417
86000 2418
87000 2419
86000 2420
87000 2421
86000 2422
87000 2423
88000 2424
89000 2425
90000 2426
91000 2427
90000 2428
91000 2429
90000 2430
91000 2431
92000 2432
93000 2433
94000 2434
95000 2435
94000 2436
93000 2437
92000 2438
91000 2439
90000 2440
91000 2441
92000 2442
91000 2443
92000 2444
91000 2445
90000 2446
91000 2447
90000 2448
91000 2449
90000 2450
89000 2451
90000 2452
89000 2453
90000 2454
89000 2455
88000 2456
87000 2457
86000 2458
87000 2459
86000 2460
85000 2461
84000 2462
85000 2463
84000 2464
85000 2465
86000 2466
85000 2467
86000 2468
85000 2469
86000 2470
87000 2471
88000 2472
87000 2473
86000 2474
85000 2475
84000 2476
85000 2477
84000 2478
83000 2479
84000 2480
85000 2481
86000 2482
85000 2483
86000 2484
87000 2485
86000 2486
85000 2487
84000 2488
85000 2489
84000 2490
83000 2491
84000 2492
85000 2493
86000 2494
87000 2495
86000 2496
87000 2497
88000 2498
87000 2499
88000 2500
87000 2501
86000 2502
87000 2503
88000 2504
87000 2505
88000 2506
87000 2507
86000 2508
85000 2509
84000 2510
83000 2511
84000 2512
85000 2513
84000 2514
83000 2515
84000 2516
85000 2517
86000 2518
87000 2519
86000 2520
87000 2521
88000 2522
87000 2523
86000 2524
87000 2525
88000 2526
89000 2527
90000 2528
91000 2529
92000 2530
91000 2531
90000 2532
91000 2533
92000 2534
91000 2535
92000 2536
91000 2537
92000 2538
93000 2539
94000 2540
95000 2541
94000 2542
95000 2543
94000 2544
93000 2545
94000 2546
95000 2547
96000 2548
97000 2549
98000 2550
99000 2551
98000 2552
97000 2553
96000 2554
95000 2555
94000 2556
93000 2557
92000 2558
93000 2559
92000 2560
91000 2561
90000 2562
89000 2563
90000 2564
89000 2565
90000 2566
89000 2567
90000 2568
89000 2569
88000 2570
89000 2571
88000 2572
87000 2573
88000 2574
89000 2575
90000 2576
89000 2577
88000 2578
87000 2579
86000 2580
87000 2581
86000 2582
87000 2583
88000 2584
89000 2585
90000 2586
89000 2587
90000 2588
91000 2589
90000 2590
89000 2591
88000 2592
89000 2593
88000 2594
87000 2595
88000 2596
87000 2597
86000 2598
85000 2599
84000 2600
85000 2601
84000 2602
83000 2603
84000 2604
83000 2605
82000 2606
81000 2607
82000 2608
81000 2609
80000 2610
81000 2611
82000 2612
83000 2613
84000 2614
83000 2615
84000 2616
83000 2617
82000 2618
83000 2619
82000 2620
83000 2621
82000 2622
81000 2623
82000 2624
83000 2625
84000 2626
85000 2627
84000 2628
85000 2629
84000 2630
85000 2631
86000 2632
87000 2633
86000 2634
87000 2635
88000 2636
89000 2637
90000 2638
89000 2639
88000 2640
87000 2641
86000 2642
85000 2643
84000 2644
83000 2645
84000 2646
85000 2647
84000 2648
85000 2649
84000 2650
83000 2651
82000 2652
81000 2653
80000 2654
79000 2655
78000 2656
79000 2657
78000 2658
77000 2659
78000 2660
77000 2661
78000 2662
79000 2663
78000 2664
79000 2665
78000 2666
79000 2667
78000 2668
79000 2669
80000 2670
79000 2671
80000 2672
81000 2673
82000 2674
81000 2675
80000 2676
81000 2677
80000 2678
81000 2679
80000 2680
81000 2681
80000 2682
81000 2683
82000 2684
83000 2685
82000 2686
83000 2687
82000 2688
83000 2689
82000 2690
81000 2691
80000 2692
81000 2693
80000 2694
79000 2695
78000 2696
77000 2697
78000 2698
79000 2699
78000 2700
77000 2701
78000 2702
79000 2703
78000 2704
77000 2705
78000 2706
79000 2707
80000 2708
79000 2709
80000 2710
79000 2711
80000 2712
79000 2713
78000 2714
77000 2715
78000 2716
77000 2717
78000 2718
79000 2719
80000 2720
79000 2721
80000 2722
81000 2723
82000 2724
81000 2725
80000 2726
81000 2727
82000 2728
83000 2729
84000 2730
83000 2731
82000 2732
81000 2733
82000 2734
81000 2735
80000 2736
81000 2737
82000 2738
83000 2739
84000 2740
85000 2741
84000 2742
85000 2743
86000 2744
85000 2745
84000 2746
83000 2747
84000 2748
83000 2749
82000 2750
83000 2751
82000 2752
81000 2753
82000 2754
81000 2755
82000 2756
81000 2757
80000 2758
81000 2759
82000 2760
83000 2761
82000 2762
81000 2763
82000 2764
83000 2765
84000 2766
85000 2767
86000 2768
87000 2769
88000 2770
89000 2771
90000 2772
89000 2773
88000 2774
87000 2775
88000 2776
89000 2777
88000 2778
89000 2779
88000 2780
87000 2781
86000 2782
85000 2783
86000 2784
87000 2785
88000 2786
89000 2787
88000 2788
87000 2789
86000 2790
87000 2791
86000 2792
87000 2793
88000 2794
89000 2795
88000 2796
87000 2797
88000 2798
87000 2799
88000 2800
89000 2801
88000 2802
89000 2803
90000 2804
89000 2805
90000 2806
89000 2807
90000 2808
91000 2809
90000 2810
91000 2811
90000 2812
89000 2813
88000 2814
87000 2815
88000 2816
89000 2817
90000 2818
91000 2819
90000 2820
91000 2821
92000 2822
93000 2823
94000 2824
93000 2825
92000 2826
93000 2827
94000 2828
95000 2829
96000 2830
95000 2831
94000 2832
95000 2833
94000 2834
93000 2835
92000 2836
91000 2837
92000 2838
93000 2839
92000 2840
91000 2841
92000 2842
93000 2843
94000 2844
93000 2845
92000 2846
93000 2847
92000 2848
93000 2849
94000 2850
93000 2851
92000 2852
91000 2853
90000 2854
91000 2855
92000 2856
93000 2857
92000 2858
91000 2859
90000 2860
89000 2861
90000 2862
89000 2863
90000 2864
91000 2865
90000 2866
91000 2867
90000 2868
91000 2869
90000 2870
89000 2871
88000 2872
87000 2873
88000 2874
87000 2875
86000 2876
85000 2877
86000 2878
85000 2879
86000 2880
87000 2881
88000 2882
89000 2883
88000 2884
87000 2885
88000 2886
87000 2887
86000 2888
85000 2889
86000 2890
85000 2891
84000 2892
83000 2893
82000 2894
81000 2895
80000 2896
79000 2897
80000 2898
79000 2899
80000 2900
79000 2901
78000 2902
77000 2903
78000 2904
77000 2905
76000 2906
75000 2907
76000 2908
77000 2909
76000 2910
75000 2911
76000 2912
77000 2913
78000 2914
79000 2915
80000 2916
79000 2917
80000 2918
81000 2919
82000 2920
81000 2921
82000 2922
81000 2923
82000 2924
83000 2925
82000 2926
83000 2927
84000 2928
85000 2929
84000 2930
85000 2931
86000 2932
85000 2933
84000 2934
83000 2935
84000 2936
83000 2937
82000 2938
81000 2939
82000 2940
83000 2941
84000 2942
83000 2943
84000 2944
83000 2945
84000 2946
85000 2947
84000 2948
85000 2949
84000 2950
83000 2951
82000 2952
83000 2953
84000 2954
83000 2955
82000 2956
83000 2957
82000 2958
81000 2959
82000 2960
81000 2961
82000 2962
83000 2963
82000 2964
83000 2965
84000 2966
85000 2967
84000 2968
85000 2969
84000 2970
85000 2971
86000 2972
87000 2973
88000 2974
87000 2975
88000 2976
89000 2977
88000 2978
89000 2979
90000 2980
89000 2981
88000 2982
89000 2983
88000 2984
87000 2985
86000 2986
87000 2987
86000 2988
87000 2989
88000 2990
89000 2991
88000 2992
87000 2993
86000 2994
87000 2995
88000 2996
89000 2997
88000 2998
89000 2999
90000 3000
89000 3001
90000 3002
89000 3003
90000 3004
89000 3005
88000 3006
87000 3007
88000 3008
89000 3009
90000 3010
89000 3011
88000 3012
87000 3013
88000 3014
87000 3015
86000 3016
85000 3017
84000 3018
83000 3019
82000 3020
81000 3021
80000 3022
79000 3023
78000 3024
77000 3025
76000 3026
75000 3027
74000 3028
75000 3029
76000 3030
75000 3031
76000 3032
75000 3033
74000 3034
73000 3035
74000 3036
73000 3037
72000 3038
71000 3039
70000 3040
69000 3041
70000 3042
69000 3043
70000 3044
71000 3045
70000 3046
69000 3047
68000 3048
69000 3049
70000 3050
71000 3051
70000 3052
71000 3053
72000 3054
73000 3055
74000 3056
75000 3057
74000 3058
73000 3059
72000 3060
71000 3061
70000 3062
69000 3063
70000 3064
69000 3065
68000 3066
67000 3067
68000 3068
69000 3069
70000 3070
69000 3071
70000 3072
69000 3073
68000 3074
67000 3075
66000 3076
67000 3077
66000 3078
65000 3079
66000 3080
67000 3081
66000 3082
67000 3083
68000 3084
69000 3085
68000 3086
69000 3087
68000 3088
69000 3089
68000 3090
67000 3091
68000 3092
67000 3093
68000 3094
69000 3095
68000 3096
67000 3097
68000 3098
67000 3099
66000 3100
65000 3101
64000 3102
65000 3103
66000 3104
65000 3105
64000 3106
65000 3107
66000 3108
65000 3109
64000 3110
63000 3111
62000 3112
63000 3113
62000 3114
63000 3115
64000 3116
63000 3117
64000 3118
65000 3119
66000 3120
67000 3121
68000 3122
67000 3123
68000 3124
67000 3125
68000 3126
69000 3127
70000 3128
69000 3129
68000 3130
67000 3131
68000 3132
67000 3133
66000 3134
67000 3135
68000 3136
67000 3137
68000 3138
67000 3139
66000 3140
67000 3141
68000 3142
69000 3143
70000 3144
71000 3145
70000 3146
69000 3147
68000 3148
69000 3149
68000 3150
67000 3151
68000 3152
67000 3153
66000 3154
65000 3155
66000 3156
65000 3157
66000 3158
65000 3159
66000 3160
67000 3161
68000 3162
69000 3163
70000 3164
71000 3165
72000 3166
73000 3167
72000 3168
71000 3169
70000 3170
69000 3171
70000 3172
71000 3173
70000 3174
69000 3175
68000 3176
69000 3177
70000 3178
69000 3179
68000 3180
69000 3181
70000 3182
69000 3183
68000 3184
69000 3185
68000 3186
67000 3187
66000 3188
65000 3189
66000 3190
67000 3191
68000 3192
67000 3193
66000 3194
65000 3195
66000 3196
65000 3197
64000 3198
65000 3199
64000 3200
65000 3201
64000 3202
63000 3203
64000 3204
63000 3205
64000 3206
65000 3207
66000 3208
65000 3209
64000 3210
65000 3211
66000 3212
67000 3213
66000 3214
65000 3215
64000 3216
63000 3217
62000 3218
61000 3219
62000 3220
63000 3221
64000 3222
63000 3223
64000 3224
63000 3225
62000 3226
63000 3227
62000 3228
63000 3229
64000 3230
65000 3231
64000 3232
65000 3233
66000 3234
67000 3235
68000 3236
69000 3237
68000 3238
67000 3239
66000 3240
65000 3241
64000 3242
65000 3243
66000 3244
65000 3245
64000 3246
63000 3247
62000 3248
61000 3249
60000 3250
59000 3251
60000 3252
61000 3253
60000 3254
61000 3255
62000 3256
61000 3257
60000 3258
61000 3259
60000 3260
61000 3261
60000 3262
59000 3263
60000 3264
61000 3265
62000 3266
63000 3267
64000 3268
63000 3269
64000 3270
65000 3271
66000 3272
65000 3273
64000 3274
63000 3275
64000 3276
63000 3277
62000 3278
61000 3279
62000 3280
63000 3281
64000 3282
63000 3283
62000 3284
61000 3285
60000 3286
61000 3287
60000 3288
59000 3289
58000 3290
59000 3291
60000 3292
61000 3293
60000 3294
59000 3295
58000 3296
57000 3297
58000 3298
57000 3299
58000 3300
59000 3301
60000 3302
61000 3303
62000 3304
63000 3305
62000 3306
61000 3307
60000 3308
59000 3309
60000 3310
59000 3311
58000 3312
57000 3313
56000 3314
55000 3315
54000 3316
55000 3317
56000 3318
55000 3319
56000 3320
57000 3321
58000 3322
57000 3323
56000 3324
57000 3325
58000 3326
59000 3327
60000 3328
59000 3329
58000 3330
57000 3331
56000 3332
55000 3333
54000 3334
53000 3335
54000 3336
53000 3337
54000 3338
53000 3339
54000 3340
55000 3341
56000 3342
57000 3343
56000 3344
55000 3345
54000 3346
55000 3347
56000 3348
57000 3349
58000 3350
57000 3351
56000 3352
57000 3353
58000 3354
57000 3355
56000 3356
55000 3357
56000 3358
55000 3359
56000 3360
57000 3361
56000 3362
57000 3363
56000 3364
55000 3365
54000 3366
53000 3367
54000 3368
53000 3369
52000 3370
51000 3371
50000 3372
51000 3373
50000 3374
51000 3375
50000 3376
49000 3377
48000 3378
49000 3379
50000 3380
49000 3381
48000 3382
49000 3383
48000 3384
47000 3385
48000 3386
47000 3387
48000 3388
49000 3389
48000 3390
49000 3391
50000 3392
49000 3393
50000 3394
49000 3395
50000 3396
49000 3397
50000 3398
51000 3399
52000 3400
51000 3401
50000 3402
49000 3403
48000 3404
47000 3405
48000 3406
49000 3407
50000 3408
51000 3409
52000 3410
51000 3411
52000 3412
51000 3413
50000 3414
51000 3415
52000 3416
53000 3417
54000 3418
53000 3419
52000 3420
53000 3421
52000 3422
53000 3423
54000 3424
55000 3425
54000 3426
53000 3427
52000 3428
53000 3429
52000 3430
51000 3431
52000 3432
51000 3433
50000 3434
49000 3435
48000 3436
47000 3437
46000 3438
47000 3439
48000 3440
49000 3441
48000 3442
49000 3443
48000 3444
49000 3445
50000 3446
49000 3447
48000 3448
49000 3449
50000 3450
49000 3451
50000 3452
49000 3453
50000 3454
49000 3455
50000 3456
51000 3457
52000 3458
51000 3459
50000 3460
51000 3461
50000 3462
51000 3463
50000 3464
49000 3465
48000 3466
47000 3467
48000 3468
47000 3469
46000 3470
45000 3471
44000 3472
43000 3473
42000 3474
41000 3475
42000 3476
43000 3477
42000 3478
43000 3479
44000 3480
43000 3481
42000 3482
41000 3483
42000 3484
43000 3485
44000 3486
43000 3487
44000 3488
45000 3489
44000 3490
43000 3491
42000 3492
41000 3493
42000 3494
43000 3495
44000 3496
45000 3497
46000 3498
47000 3499
46000 3500
45000 3501
44000 3502
45000 3503
46000 3504
47000 3505
46000 3506
47000 3507
48000 3508
47000 3509
46000 3510
45000 3511
44000 3512
45000 3513
46000 3514
45000 3515
44000 3516
45000 3517
46000 3518
45000 3519
46000 3520
45000 3521
46000 3522
45000 3523
46000 3524
47000 3525
48000 3526
47000 3527
46000 3528
47000 3529
48000 3530
47000 3531
48000 3532
49000 3533
50000 3534
49000 3535
50000 3536
49000 3537
50000 3538
49000 3539
50000 3540
51000 3541
52000 3542
53000 3543
52000 3544
51000 3545
50000 3546
49000 3547
48000 3548
47000 3549
48000 3550
47000 3551
48000 3552
47000 3553
48000 3554
47000 3555
48000 3556
49000 3557
48000 3558
49000 3559
50000 3560
49000 3561
48000 3562
47000 3563
46000 3564
45000 3565
44000 3566
45000 3567
44000 3568
45000 3569
44000 3570
43000 3571
42000 3572
41000 3573
42000 3574
43000 3575
42000 3576
43000 3577
44000 3578
45000 3579
46000 3580
47000 3581
48000 3582
47000 3583
48000 3584
47000 3585
46000 3586
47000 3587
46000 3588
45000 3589
44000 3590
45000 3591
46000 3592
45000 3593
46000 3594
47000 3595
48000 3596
49000 3597
50000 3598
49000 3599
48000 3600
47000 3601
48000 3602
49000 3603
48000 3604
49000 3605
50000 3606
51000 3607
52000 3608
51000 3609
50000 3610
49000 3611
50000 3612
51000 3613
52000 3614
53000 3615
54000 3616
53000 3617
54000 3618
53000 3619
52000 3620
53000 3621
54000 3622
53000 3623
54000 3624
55000 3625
56000 3626
57000 3627
58000 3628
57000 3629
56000 3630
57000 3631
56000 3632
57000 3633
58000 3634
59000 3635
58000 3636
57000 3637
56000 3638
57000 3639
56000 3640
55000 3641
54000 3642
55000 3643
56000 3644
57000 3645
56000 3646
55000 3647
56000 3648
55000 3649
54000 3650
55000 3651
54000 3652
53000 3653
52000 3654
51000 3655
50000 3656
49000 3657
50000 3658
51000 3659
50000 3660
51000 3661
52000 3662
51000 3663
50000 3664
49000 3665
50000 3666
51000 3667
52000 3668
53000 3669
52000 3670
51000 3671
50000 3672
49000 3673
50000 3674
51000 3675
50000 3676
49000 3677
48000 3678
49000 3679
48000 3680
47000 3681
48000 3682
49000 3683
50000 3684
51000 3685
52000 3686
51000 3687
52000 3688
53000 3689
52000 3690
51000 3691
52000 3692
53000 3693
54000 3694
53000 3695
54000 3696
53000 3697
52000 3698
51000 3699
50000 3700
49000 3701
48000 3702
47000 3703
46000 3704
47000 3705
46000 3706
45000 3707
44000 3708
43000 3709
42000 3710
41000 3711
40000 3712
39000 3713
40000 3714
39000 3715
40000 3716
41000 3717
40000 3718
41000 3719
42000 3720
41000 3721
42000 3722
43000 3723
44000 3724
45000 3725
44000 3726
45000 3727
46000 3728
47000 3729
48000 3730
49000 3731
50000 3732
49000 3733
48000 3734
49000 3735
48000 3736
47000 3737
46000 3738
47000 3739
46000 3740
45000 3741
46000 3742
45000 3743
44000 3744
43000 3745
44000 3746
45000 3747
46000 3748
45000 3749
44000 3750
43000 3751
44000 3752
43000 3753
44000 3754
45000 3755
46000 3756
47000 3757
46000 3758
45000 3759
44000 3760
45000 3761
44000 3762
45000 3763
46000 3764
45000 3765
46000 3766
47000 3767
46000 3768
45000 3769
46000 3770
47000 3771
46000 3772
45000 3773
44000 3774
45000 3775
44000 3776
43000 3777
42000 3778
41000 3779
40000 3780
41000 3781
40000 3782
39000 3783
40000 3784
39000 3785
38000 3786
37000 3787
38000 3788
37000 3789
36000 3790
35000 3791
36000 3792
35000 3793
36000 3794
37000 3795
36000 3796
35000 3797
36000 3798
37000 3799
36000 3800
35000 3801
36000 3802
35000 3803
34000 3804
33000 3805
34000 3806
33000 3807
32000 3808
33000 3809
32000 3810
31000 3811
30000 3812
31000 3813
30000 3814
31000 3815
32000 3816
31000 3817
30000 3818
31000 3819
30000 3820
31000 3821
30000 3822
31000 3823
30000 3824
31000 3825
30000 3826
29000 3827
28000 3828
27000 3829
26000 3830
25000 3831
24000 3832
23000 3833
22000 3834
23000 3835
22000 3836
21000 3837
20000 3838
21000 3839
22000 3840
21000 3841
20000 3842
21000 3843
20000 3844
19000 3845
18000 3846
17000 3847
18000 3848
19000 3849
18000 3850
19000 3851
18000 3852
19000 3853
18000 3854
19000 3855
18000 3856
19000 3857
18000 3858
17000 3859
16000 3860
17000 3861
16000 3862
15000 3863
16000 3864
17000 3865
16000 3866
17000 3867
16000 3868
15000 3869
14000 3870
13000 3871
12000 3872
11000 3873
12000 3874
13000 3875
14000 3876
15000 3877
14000 3878
15000 3879
14000 3880
13000 3881
14000 3882
13000 3883
14000 3884
13000 3885
12000 3886
13000 3887
14000 3888
13000 3889
14000 3890
15000 3891
14000 3892
15000 3893
14000 3894
15000 3895
14000 3896
13000 3897
12000 3898
11000 3899
12000 3900
11000 3901
10000 3902
9000 3903
8000 3904
7000 3905
8000 3906
9000 3907
10000 3908
9000 3909
8000 3910
9000 3911
10000 3912
9000 3913
10000 3914
9000 3915
10000 3916
9000 3917
8000 3918
7000 3919
6000 3920
5000 3921
4000 3922
3000 3923
2000 3924
3000 3925
2000 3926
3000 3927
2000 3928
1000 3929
2000 3930
1000 3931
2000 3932
3000 3933
2000 3934
1000 3935
2000 3936
1000 3937
0 3938
