#Player 2 
#Money Round 
101000 1
102000 2
101000 3
100000 4
99000 5
98000 6
97000 7
98000 8
99000 9
100000 10
99000 11
98000 12
97000 13
96000 14
97000 15
98000 16
97000 17
96000 18
95000 19
94000 20
93000 21
92000 22
91000 23
90000 24
91000 25
92000 26
93000 27
92000 28
91000 29
90000 30
91000 31
90000 32
89000 33
90000 34
91000 35
92000 36
93000 37
92000 38
91000 39
90000 40
89000 41
90000 42
89000 43
90000 44
89000 45
90000 46
89000 47
88000 48
87000 49
86000 50
87000 51
86000 52
87000 53
86000 54
87000 55
86000 56
85000 57
86000 58
87000 59
86000 60
85000 61
86000 62
85000 63
86000 64
87000 65
88000 66
89000 67
90000 68
91000 69
92000 70
91000 71
92000 72
91000 73
92000 74
91000 75
90000 76
89000 77
88000 78
89000 79
88000 80
87000 81
88000 82
89000 83
88000 84
89000 85
90000 86
89000 87
90000 88
91000 89
90000 90
89000 91
90000 92
89000 93
90000 94
89000 95
90000 96
91000 97
90000 98
91000 99
90000 100
89000 101
90000 102
89000 103
88000 104
89000 105
88000 106
89000 107
90000 108
89000 109
90000 110
91000 111
92000 112
93000 113
92000 114
93000 115
94000 116
95000 117
94000 118
95000 119
94000 120
95000 121
96000 122
97000 123
96000 124
97000 125
96000 126
97000 127
96000 128
97000 129
98000 130
97000 131
98000 132
99000 133
98000 134
97000 135
96000 136
95000 137
94000 138
95000 139
96000 140
97000 141
96000 142
95000 143
96000 144
95000 145
94000 146
93000 147
94000 148
95000 149
94000 150
95000 151
96000 152
95000 153
96000 154
95000 155
96000 156
97000 157
96000 158
95000 159
94000 160
93000 161
92000 162
93000 163
92000 164
91000 165
90000 166
91000 167
90000 168
91000 169
90000 170
89000 171
90000 172
91000 173
90000 174
91000 175
90000 176
89000 177
90000 178
91000 179
90000 180
89000 181
88000 182
87000 183
86000 184
85000 185
84000 186
83000 187
82000 188
81000 189
80000 190
81000 191
80000 192
79000 193
80000 194
81000 195
82000 196
81000 197
82000 198
81000 199
82000 200
83000 201
84000 202
83000 203
82000 204
81000 205
82000 206
83000 207
84000 208
83000 209
84000 210
83000 211
84000 212
85000 213
86000 214
85000 215
86000 216
85000 217
84000 218
85000 219
84000 220
83000 221
82000 222
81000 223
80000 224
81000 225
82000 226
81000 227
82000 228
83000 229
82000 230
83000 231
82000 232
81000 233
82000 234
83000 235
82000 236
81000 237
80000 238
81000 239
80000 240
79000 241
80000 242
81000 243
80000 244
79000 245
80000 246
79000 247
78000 248
77000 249
76000 250
75000 251
76000 252
77000 253
78000 254
79000 255
78000 256
79000 257
80000 258
81000 259
82000 260
83000 261
82000 262
81000 263
80000 264
79000 265
78000 266
79000 267
78000 268
77000 269
76000 270
77000 271
78000 272
77000 273
76000 274
77000 275
76000 276
77000 277
76000 278
77000 279
76000 280
77000 281
78000 282
79000 283
80000 284
79000 285
80000 286
79000 287
80000 288
81000 289
82000 290
81000 291
80000 292
81000 293
80000 294
81000 295
82000 296
83000 297
82000 298
81000 299
82000 300
81000 301
80000 302
81000 303
82000 304
83000 305
82000 306
83000 307
84000 308
83000 309
82000 310
81000 311
82000 312
81000 313
82000 314
83000 315
84000 316
85000 317
84000 318
83000 319
82000 320
83000 321
82000 322
83000 323
82000 324
81000 325
80000 326
79000 327
80000 328
81000 329
80000 330
81000 331
80000 332
81000 333
82000 334
83000 335
84000 336
85000 337
84000 338
83000 339
84000 340
85000 341
86000 342
85000 343
84000 344
85000 345
84000 346
83000 347
84000 348
85000 349
84000 350
85000 351
84000 352
83000 353
82000 354
81000 355
82000 356
83000 357
82000 358
81000 359
82000 360
81000 361
80000 362
81000 363
82000 364
81000 365
80000 366
79000 367
78000 368
77000 369
76000 370
77000 371
78000 372
79000 373
78000 374
77000 375
76000 376
75000 377
76000 378
77000 379
78000 380
79000 381
78000 382
77000 383
78000 384
79000 385
78000 386
77000 387
76000 388
77000 389
76000 390
75000 391
76000 392
75000 393
74000 394
73000 395
72000 396
71000 397
72000 398
73000 399
72000 400
73000 401
74000 402
75000 403
76000 404
77000 405
76000 406
77000 407
78000 408
79000 409
80000 410
81000 411
82000 412
83000 413
84000 414
83000 415
82000 416
81000 417
80000 418
79000 419
80000 420
81000 421
80000 422
81000 423
82000 424
81000 425
80000 426
81000 427
82000 428
83000 429
84000 430
83000 431
84000 432
83000 433
84000 434
83000 435
84000 436
85000 437
86000 438
85000 439
84000 440
85000 441
86000 442
87000 443
86000 444
87000 445
88000 446
89000 447
90000 448
89000 449
88000 450
89000 451
88000 452
89000 453
88000 454
87000 455
86000 456
87000 457
86000 458
87000 459
88000 460
89000 461
88000 462
89000 463
90000 464
89000 465
88000 466
87000 467
88000 468
87000 469
88000 470
87000 471
86000 472
87000 473
86000 474
85000 475
86000 476
85000 477
86000 478
85000 479
84000 480
85000 481
86000 482
87000 483
86000 484
85000 485
86000 486
87000 487
88000 488
87000 489
88000 490
87000 491
88000 492
87000 493
86000 494
85000 495
86000 496
87000 497
88000 498
87000 499
86000 500
85000 501
84000 502
83000 503
82000 504
83000 505
82000 506
81000 507
80000 508
81000 509
82000 510
83000 511
82000 512
83000 513
84000 514
83000 515
82000 516
83000 517
82000 518
83000 519
82000 520
83000 521
84000 522
83000 523
82000 524
83000 525
84000 526
83000 527
84000 528
83000 529
84000 530
85000 531
84000 532
85000 533
86000 534
85000 535
84000 536
83000 537
84000 538
85000 539
84000 540
85000 541
84000 542
85000 543
84000 544
83000 545
84000 546
85000 547
86000 548
87000 549
88000 550
89000 551
90000 552
91000 553
92000 554
93000 555
92000 556
91000 557
92000 558
93000 559
94000 560
95000 561
94000 562
93000 563
92000 564
93000 565
94000 566
95000 567
94000 568
93000 569
94000 570
95000 571
94000 572
93000 573
94000 574
95000 575
94000 576
93000 577
94000 578
95000 579
96000 580
95000 581
94000 582
93000 583
94000 584
93000 585
92000 586
91000 587
90000 588
91000 589
90000 590
89000 591
88000 592
89000 593
90000 594
89000 595
90000 596
89000 597
90000 598
91000 599
92000 600
91000 601
92000 602
91000 603
90000 604
91000 605
90000 606
91000 607
90000 608
91000 609
92000 610
91000 611
92000 612
91000 613
90000 614
91000 615
92000 616
91000 617
92000 618
93000 619
94000 620
95000 621
96000 622
97000 623
98000 624
97000 625
96000 626
95000 627
96000 628
97000 629
96000 630
97000 631
98000 632
97000 633
96000 634
97000 635
98000 636
99000 637
98000 638
97000 639
98000 640
99000 641
98000 642
99000 643
98000 644
99000 645
98000 646
97000 647
98000 648
99000 649
98000 650
97000 651
96000 652
95000 653
96000 654
97000 655
98000 656
99000 657
98000 658
99000 659
98000 660
99000 661
100000 662
101000 663
102000 664
103000 665
102000 666
101000 667
100000 668
99000 669
100000 670
99000 671
98000 672
99000 673
98000 674
97000 675
96000 676
97000 677
98000 678
97000 679
98000 680
99000 681
100000 682
101000 683
100000 684
101000 685
102000 686
101000 687
100000 688
101000 689
102000 690
103000 691
104000 692
105000 693
106000 694
107000 695
106000 696
107000 697
108000 698
107000 699
106000 700
107000 701
108000 702
109000 703
108000 704
109000 705
108000 706
109000 707
110000 708
109000 709
108000 710
107000 711
106000 712
107000 713
108000 714
107000 715
106000 716
105000 717
104000 718
103000 719
102000 720
103000 721
102000 722
101000 723
100000 724
99000 725
98000 726
97000 727
98000 728
99000 729
100000 730
99000 731
98000 732
99000 733
100000 734
101000 735
100000 736
101000 737
102000 738
103000 739
104000 740
103000 741
104000 742
105000 743
106000 744
105000 745
106000 746
107000 747
106000 748
107000 749
108000 750
107000 751
108000 752
109000 753
110000 754
109000 755
110000 756
109000 757
110000 758
111000 759
110000 760
109000 761
110000 762
111000 763
112000 764
113000 765
112000 766
111000 767
110000 768
111000 769
112000 770
113000 771
112000 772
113000 773
112000 774
111000 775
112000 776
113000 777
114000 778
113000 779
114000 780
115000 781
114000 782
115000 783
114000 784
115000 785
114000 786
113000 787
112000 788
113000 789
114000 790
115000 791
114000 792
115000 793
116000 794
117000 795
118000 796
117000 797
118000 798
117000 799
118000 800
117000 801
118000 802
117000 803
116000 804
117000 805
118000 806
117000 807
116000 808
115000 809
114000 810
113000 811
114000 812
113000 813
112000 814
111000 815
112000 816
113000 817
112000 818
111000 819
110000 820
109000 821
110000 822
111000 823
110000 824
109000 825
110000 826
111000 827
112000 828
111000 829
112000 830
113000 831
112000 832
111000 833
112000 834
111000 835
110000 836
111000 837
112000 838
111000 839
110000 840
109000 841
108000 842
109000 843
108000 844
107000 845
108000 846
107000 847
106000 848
107000 849
108000 850
107000 851
106000 852
105000 853
104000 854
105000 855
104000 856
105000 857
106000 858
105000 859
106000 860
107000 861
108000 862
107000 863
108000 864
107000 865
106000 866
105000 867
106000 868
107000 869
108000 870
107000 871
108000 872
109000 873
108000 874
109000 875
108000 876
107000 877
106000 878
105000 879
106000 880
107000 881
106000 882
107000 883
106000 884
105000 885
106000 886
107000 887
108000 888
109000 889
108000 890
107000 891
106000 892
107000 893
106000 894
105000 895
106000 896
107000 897
108000 898
109000 899
108000 900
107000 901
106000 902
107000 903
106000 904
107000 905
108000 906
109000 907
108000 908
109000 909
108000 910
109000 911
110000 912
111000 913
110000 914
109000 915
108000 916
107000 917
106000 918
105000 919
104000 920
103000 921
102000 922
103000 923
102000 924
101000 925
102000 926
103000 927
104000 928
105000 929
104000 930
105000 931
106000 932
107000 933
106000 934
107000 935
108000 936
107000 937
108000 938
107000 939
108000 940
109000 941
110000 942
109000 943
110000 944
111000 945
110000 946
111000 947
112000 948
113000 949
114000 950
113000 951
114000 952
115000 953
116000 954
117000 955
116000 956
117000 957
118000 958
119000 959
120000 960
119000 961
118000 962
119000 963
118000 964
117000 965
116000 966
117000 967
116000 968
117000 969
116000 970
115000 971
116000 972
117000 973
116000 974
117000 975
118000 976
119000 977
118000 978
119000 979
120000 980
121000 981
122000 982
123000 983
122000 984
123000 985
124000 986
125000 987
124000 988
125000 989
124000 990
123000 991
124000 992
125000 993
126000 994
125000 995
126000 996
125000 997
124000 998
123000 999
124000 1000
125000 1001
124000 1002
125000 1003
126000 1004
125000 1005
126000 1006
127000 1007
128000 1008
127000 1009
126000 1010
127000 1011
126000 1012
125000 1013
124000 1014
123000 1015
124000 1016
125000 1017
124000 1018
125000 1019
126000 1020
125000 1021
126000 1022
127000 1023
128000 1024
127000 1025
126000 1026
125000 1027
126000 1028
125000 1029
124000 1030
123000 1031
124000 1032
123000 1033
124000 1034
123000 1035
122000 1036
121000 1037
120000 1038
119000 1039
120000 1040
119000 1041
118000 1042
117000 1043
118000 1044
117000 1045
116000 1046
117000 1047
118000 1048
117000 1049
116000 1050
117000 1051
116000 1052
115000 1053
114000 1054
113000 1055
112000 1056
111000 1057
112000 1058
111000 1059
112000 1060
113000 1061
114000 1062
113000 1063
114000 1064
113000 1065
114000 1066
113000 1067
114000 1068
113000 1069
114000 1070
113000 1071
112000 1072
113000 1073
112000 1074
113000 1075
114000 1076
115000 1077
116000 1078
117000 1079
116000 1080
115000 1081
114000 1082
115000 1083
116000 1084
117000 1085
118000 1086
119000 1087
120000 1088
121000 1089
122000 1090
121000 1091
120000 1092
119000 1093
120000 1094
119000 1095
118000 1096
117000 1097
118000 1098
117000 1099
116000 1100
115000 1101
114000 1102
115000 1103
116000 1104
115000 1105
114000 1106
113000 1107
112000 1108
113000 1109
114000 1110
113000 1111
114000 1112
115000 1113
114000 1114
113000 1115
114000 1116
115000 1117
116000 1118
117000 1119
116000 1120
115000 1121
116000 1122
117000 1123
118000 1124
119000 1125
120000 1126
121000 1127
122000 1128
121000 1129
120000 1130
119000 1131
120000 1132
121000 1133
122000 1134
123000 1135
124000 1136
123000 1137
124000 1138
125000 1139
126000 1140
127000 1141
128000 1142
129000 1143
128000 1144
127000 1145
126000 1146
125000 1147
126000 1148
127000 1149
126000 1150
127000 1151
128000 1152
129000 1153
130000 1154
131000 1155
132000 1156
131000 1157
130000 1158
129000 1159
130000 1160
129000 1161
130000 1162
129000 1163
130000 1164
129000 1165
128000 1166
129000 1167
128000 1168
127000 1169
126000 1170
125000 1171
126000 1172
127000 1173
126000 1174
125000 1175
126000 1176
127000 1177
126000 1178
125000 1179
124000 1180
123000 1181
124000 1182
123000 1183
122000 1184
123000 1185
122000 1186
123000 1187
124000 1188
125000 1189
124000 1190
125000 1191
124000 1192
123000 1193
122000 1194
123000 1195
124000 1196
123000 1197
122000 1198
121000 1199
122000 1200
121000 1201
120000 1202
119000 1203
120000 1204
119000 1205
120000 1206
119000 1207
120000 1208
121000 1209
120000 1210
119000 1211
118000 1212
117000 1213
116000 1214
117000 1215
116000 1216
115000 1217
114000 1218
115000 1219
114000 1220
113000 1221
114000 1222
113000 1223
114000 1224
115000 1225
114000 1226
113000 1227
112000 1228
113000 1229
114000 1230
115000 1231
114000 1232
113000 1233
114000 1234
115000 1235
116000 1236
117000 1237
116000 1238
117000 1239
116000 1240
115000 1241
114000 1242
113000 1243
112000 1244
111000 1245
112000 1246
113000 1247
114000 1248
113000 1249
114000 1250
113000 1251
112000 1252
113000 1253
112000 1254
113000 1255
112000 1256
111000 1257
110000 1258
111000 1259
112000 1260
113000 1261
114000 1262
113000 1263
114000 1264
113000 1265
114000 1266
113000 1267
114000 1268
113000 1269
112000 1270
113000 1271
114000 1272
115000 1273
114000 1274
113000 1275
112000 1276
113000 1277
112000 1278
111000 1279
112000 1280
113000 1281
112000 1282
113000 1283
112000 1284
113000 1285
112000 1286
113000 1287
112000 1288
111000 1289
112000 1290
113000 1291
112000 1292
113000 1293
112000 1294
113000 1295
114000 1296
113000 1297
114000 1298
115000 1299
116000 1300
115000 1301
116000 1302
117000 1303
118000 1304
119000 1305
120000 1306
121000 1307
120000 1308
119000 1309
120000 1310
121000 1311
122000 1312
121000 1313
122000 1314
121000 1315
122000 1316
121000 1317
120000 1318
119000 1319
120000 1320
119000 1321
120000 1322
119000 1323
120000 1324
121000 1325
122000 1326
123000 1327
122000 1328
121000 1329
120000 1330
119000 1331
118000 1332
117000 1333
116000 1334
117000 1335
116000 1336
115000 1337
116000 1338
115000 1339
116000 1340
115000 1341
116000 1342
115000 1343
116000 1344
115000 1345
116000 1346
117000 1347
116000 1348
115000 1349
114000 1350
115000 1351
114000 1352
113000 1353
112000 1354
111000 1355
110000 1356
109000 1357
110000 1358
111000 1359
110000 1360
109000 1361
108000 1362
107000 1363
108000 1364
107000 1365
106000 1366
105000 1367
106000 1368
107000 1369
108000 1370
107000 1371
108000 1372
107000 1373
108000 1374
109000 1375
108000 1376
109000 1377
108000 1378
107000 1379
108000 1380
109000 1381
108000 1382
107000 1383
108000 1384
107000 1385
106000 1386
107000 1387
108000 1388
107000 1389
106000 1390
105000 1391
104000 1392
105000 1393
106000 1394
105000 1395
104000 1396
105000 1397
104000 1398
105000 1399
104000 1400
103000 1401
102000 1402
103000 1403
104000 1404
105000 1405
104000 1406
105000 1407
104000 1408
103000 1409
102000 1410
101000 1411
100000 1412
99000 1413
98000 1414
99000 1415
98000 1416
99000 1417
100000 1418
101000 1419
102000 1420
103000 1421
102000 1422
101000 1423
102000 1424
103000 1425
104000 1426
103000 1427
102000 1428
101000 1429
100000 1430
99000 1431
100000 1432
101000 1433
100000 1434
101000 1435
102000 1436
103000 1437
102000 1438
103000 1439
102000 1440
101000 1441
100000 1442
99000 1443
100000 1444
101000 1445
100000 1446
101000 1447
102000 1448
101000 1449
102000 1450
103000 1451
104000 1452
105000 1453
104000 1454
103000 1455
104000 1456
103000 1457
102000 1458
103000 1459
104000 1460
105000 1461
106000 1462
105000 1463
104000 1464
105000 1465
104000 1466
105000 1467
104000 1468
103000 1469
102000 1470
101000 1471
100000 1472
101000 1473
102000 1474
103000 1475
104000 1476
103000 1477
104000 1478
103000 1479
102000 1480
103000 1481
102000 1482
103000 1483
102000 1484
101000 1485
100000 1486
99000 1487
100000 1488
101000 1489
100000 1490
99000 1491
100000 1492
99000 1493
100000 1494
101000 1495
100000 1496
99000 1497
100000 1498
99000 1499
98000 1500
97000 1501
96000 1502
97000 1503
98000 1504
99000 1505
98000 1506
97000 1507
96000 1508
95000 1509
96000 1510
97000 1511
96000 1512
95000 1513
94000 1514
95000 1515
96000 1516
97000 1517
96000 1518
95000 1519
96000 1520
97000 1521
98000 1522
97000 1523
96000 1524
95000 1525
96000 1526
95000 1527
94000 1528
95000 1529
94000 1530
95000 1531
94000 1532
95000 1533
96000 1534
97000 1535
96000 1536
97000 1537
98000 1538
99000 1539
100000 1540
99000 1541
100000 1542
101000 1543
100000 1544
101000 1545
100000 1546
99000 1547
98000 1548
99000 1549
100000 1550
101000 1551
102000 1552
101000 1553
100000 1554
99000 1555
100000 1556
99000 1557
98000 1558
99000 1559
100000 1560
101000 1561
100000 1562
99000 1563
98000 1564
99000 1565
100000 1566
101000 1567
100000 1568
101000 1569
102000 1570
103000 1571
102000 1572
101000 1573
102000 1574
101000 1575
102000 1576
101000 1577
100000 1578
99000 1579
100000 1580
101000 1581
102000 1582
101000 1583
100000 1584
99000 1585
100000 1586
99000 1587
100000 1588
99000 1589
100000 1590
101000 1591
100000 1592
99000 1593
98000 1594
99000 1595
98000 1596
99000 1597
100000 1598
101000 1599
102000 1600
101000 1601
102000 1602
103000 1603
102000 1604
103000 1605
102000 1606
103000 1607
102000 1608
101000 1609
100000 1610
99000 1611
100000 1612
101000 1613
102000 1614
101000 1615
102000 1616
103000 1617
102000 1618
103000 1619
102000 1620
103000 1621
102000 1622
103000 1623
104000 1624
105000 1625
104000 1626
103000 1627
104000 1628
103000 1629
104000 1630
103000 1631
104000 1632
103000 1633
102000 1634
103000 1635
104000 1636
103000 1637
102000 1638
101000 1639
100000 1640
101000 1641
100000 1642
99000 1643
98000 1644
97000 1645
96000 1646
97000 1647
98000 1648
99000 1649
100000 1650
99000 1651
98000 1652
99000 1653
100000 1654
99000 1655
100000 1656
101000 1657
100000 1658
99000 1659
98000 1660
97000 1661
96000 1662
95000 1663
94000 1664
95000 1665
96000 1666
95000 1667
96000 1668
95000 1669
94000 1670
95000 1671
94000 1672
95000 1673
94000 1674
95000 1675
94000 1676
93000 1677
94000 1678
95000 1679
96000 1680
97000 1681
98000 1682
97000 1683
96000 1684
97000 1685
98000 1686
97000 1687
96000 1688
97000 1689
98000 1690
97000 1691
96000 1692
95000 1693
96000 1694
95000 1695
94000 1696
95000 1697
96000 1698
97000 1699
98000 1700
97000 1701
96000 1702
97000 1703
98000 1704
97000 1705
98000 1706
99000 1707
98000 1708
97000 1709
98000 1710
99000 1711
100000 1712
99000 1713
100000 1714
101000 1715
100000 1716
101000 1717
100000 1718
101000 1719
100000 1720
99000 1721
98000 1722
99000 1723
98000 1724
97000 1725
96000 1726
97000 1727
96000 1728
97000 1729
96000 1730
97000 1731
98000 1732
99000 1733
98000 1734
99000 1735
100000 1736
99000 1737
100000 1738
101000 1739
100000 1740
99000 1741
98000 1742
97000 1743
96000 1744
95000 1745
94000 1746
95000 1747
96000 1748
95000 1749
96000 1750
95000 1751
96000 1752
95000 1753
96000 1754
97000 1755
98000 1756
97000 1757
98000 1758
97000 1759
98000 1760
99000 1761
98000 1762
99000 1763
100000 1764
101000 1765
102000 1766
103000 1767
104000 1768
105000 1769
104000 1770
105000 1771
104000 1772
105000 1773
106000 1774
105000 1775
106000 1776
107000 1777
106000 1778
107000 1779
108000 1780
107000 1781
106000 1782
107000 1783
108000 1784
109000 1785
108000 1786
107000 1787
108000 1788
109000 1789
108000 1790
109000 1791
110000 1792
109000 1793
110000 1794
109000 1795
110000 1796
111000 1797
110000 1798
111000 1799
110000 1800
111000 1801
110000 1802
109000 1803
110000 1804
109000 1805
108000 1806
107000 1807
106000 1808
107000 1809
106000 1810
107000 1811
106000 1812
105000 1813
106000 1814
107000 1815
106000 1816
107000 1817
106000 1818
107000 1819
106000 1820
105000 1821
106000 1822
105000 1823
104000 1824
105000 1825
104000 1826
103000 1827
104000 1828
105000 1829
104000 1830
103000 1831
102000 1832
103000 1833
102000 1834
101000 1835
102000 1836
101000 1837
102000 1838
103000 1839
104000 1840
103000 1841
104000 1842
103000 1843
102000 1844
103000 1845
104000 1846
103000 1847
104000 1848
105000 1849
104000 1850
105000 1851
106000 1852
105000 1853
106000 1854
105000 1855
104000 1856
105000 1857
104000 1858
105000 1859
104000 1860
105000 1861
104000 1862
105000 1863
104000 1864
105000 1865
106000 1866
105000 1867
106000 1868
105000 1869
106000 1870
105000 1871
104000 1872
105000 1873
106000 1874
107000 1875
108000 1876
109000 1877
110000 1878
109000 1879
110000 1880
111000 1881
112000 1882
113000 1883
114000 1884
113000 1885
112000 1886
113000 1887
112000 1888
113000 1889
112000 1890
111000 1891
112000 1892
111000 1893
110000 1894
109000 1895
110000 1896
111000 1897
110000 1898
109000 1899
108000 1900
107000 1901
106000 1902
107000 1903
108000 1904
109000 1905
108000 1906
107000 1907
108000 1908
107000 1909
108000 1910
109000 1911
110000 1912
109000 1913
108000 1914
109000 1915
110000 1916
109000 1917
110000 1918
111000 1919
110000 1920
109000 1921
108000 1922
109000 1923
110000 1924
111000 1925
110000 1926
111000 1927
110000 1928
109000 1929
110000 1930
111000 1931
112000 1932
111000 1933
112000 1934
111000 1935
110000 1936
109000 1937
108000 1938
107000 1939
106000 1940
107000 1941
106000 1942
107000 1943
106000 1944
105000 1945
106000 1946
107000 1947
106000 1948
107000 1949
108000 1950
107000 1951
108000 1952
109000 1953
108000 1954
107000 1955
108000 1956
109000 1957
110000 1958
111000 1959
112000 1960
111000 1961
112000 1962
113000 1963
114000 1964
113000 1965
114000 1966
115000 1967
116000 1968
117000 1969
116000 1970
115000 1971
116000 1972
115000 1973
116000 1974
117000 1975
116000 1976
117000 1977
118000 1978
117000 1979
116000 1980
117000 1981
116000 1982
117000 1983
118000 1984
117000 1985
116000 1986
117000 1987
118000 1988
119000 1989
120000 1990
121000 1991
122000 1992
121000 1993
120000 1994
119000 1995
120000 1996
119000 1997
120000 1998
119000 1999
118000 2000
119000 2001
118000 2002
117000 2003
116000 2004
115000 2005
114000 2006
115000 2007
116000 2008
117000 2009
118000 2010
119000 2011
120000 2012
119000 2013
120000 2014
121000 2015
120000 2016
119000 2017
118000 2018
119000 2019
120000 2020
121000 2021
120000 2022
119000 2023
118000 2024
119000 2025
120000 2026
121000 2027
122000 2028
121000 2029
122000 2030
121000 2031
120000 2032
121000 2033
122000 2034
123000 2035
122000 2036
121000 2037
122000 2038
123000 2039
124000 2040
123000 2041
124000 2042
123000 2043
122000 2044
123000 2045
122000 2046
123000 2047
124000 2048
123000 2049
124000 2050
123000 2051
122000 2052
121000 2053
122000 2054
123000 2055
124000 2056
123000 2057
124000 2058
125000 2059
124000 2060
125000 2061
124000 2062
125000 2063
126000 2064
125000 2065
126000 2066
127000 2067
128000 2068
127000 2069
128000 2070
129000 2071
130000 2072
129000 2073
130000 2074
131000 2075
130000 2076
129000 2077
130000 2078
129000 2079
130000 2080
131000 2081
130000 2082
129000 2083
128000 2084
129000 2085
130000 2086
129000 2087
128000 2088
127000 2089
128000 2090
127000 2091
128000 2092
129000 2093
130000 2094
129000 2095
130000 2096
131000 2097
130000 2098
131000 2099
132000 2100
133000 2101
132000 2102
131000 2103
130000 2104
129000 2105
128000 2106
127000 2107
128000 2108
129000 2109
128000 2110
127000 2111
126000 2112
125000 2113
124000 2114
125000 2115
124000 2116
125000 2117
126000 2118
125000 2119
124000 2120
125000 2121
126000 2122
125000 2123
124000 2124
125000 2125
124000 2126
125000 2127
126000 2128
125000 2129
126000 2130
127000 2131
126000 2132
125000 2133
126000 2134
127000 2135
126000 2136
127000 2137
128000 2138
127000 2139
126000 2140
127000 2141
126000 2142
125000 2143
126000 2144
125000 2145
124000 2146
125000 2147
124000 2148
123000 2149
124000 2150
125000 2151
124000 2152
125000 2153
126000 2154
127000 2155
128000 2156
129000 2157
128000 2158
127000 2159
126000 2160
125000 2161
126000 2162
125000 2163
126000 2164
125000 2165
126000 2166
127000 2167
128000 2168
129000 2169
128000 2170
127000 2171
126000 2172
127000 2173
126000 2174
125000 2175
124000 2176
125000 2177
124000 2178
125000 2179
126000 2180
127000 2181
128000 2182
129000 2183
128000 2184
129000 2185
128000 2186
129000 2187
130000 2188
129000 2189
130000 2190
129000 2191
128000 2192
129000 2193
128000 2194
129000 2195
128000 2196
127000 2197
126000 2198
127000 2199
128000 2200
127000 2201
128000 2202
129000 2203
128000 2204
127000 2205
128000 2206
127000 2207
128000 2208
127000 2209
126000 2210
127000 2211
128000 2212
127000 2213
128000 2214
127000 2215
126000 2216
127000 2217
128000 2218
127000 2219
128000 2220
129000 2221
130000 2222
131000 2223
132000 2224
131000 2225
130000 2226
131000 2227
130000 2228
129000 2229
130000 2230
129000 2231
128000 2232
127000 2233
126000 2234
127000 2235
126000 2236
127000 2237
126000 2238
127000 2239
128000 2240
129000 2241
130000 2242
129000 2243
128000 2244
127000 2245
126000 2246
125000 2247
124000 2248
123000 2249
124000 2250
123000 2251
124000 2252
123000 2253
124000 2254
125000 2255
126000 2256
127000 2257
128000 2258
129000 2259
128000 2260
127000 2261
128000 2262
129000 2263
128000 2264
127000 2265
126000 2266
125000 2267
126000 2268
125000 2269
126000 2270
125000 2271
126000 2272
125000 2273
124000 2274
125000 2275
124000 2276
123000 2277
122000 2278
121000 2279
120000 2280
121000 2281
120000 2282
119000 2283
118000 2284
119000 2285
118000 2286
117000 2287
116000 2288
115000 2289
114000 2290
113000 2291
112000 2292
111000 2293
112000 2294
111000 2295
110000 2296
111000 2297
112000 2298
111000 2299
110000 2300
111000 2301
110000 2302
111000 2303
110000 2304
109000 2305
110000 2306
111000 2307
112000 2308
111000 2309
112000 2310
113000 2311
114000 2312
113000 2313
114000 2314
115000 2315
116000 2316
115000 2317
114000 2318
115000 2319
116000 2320
117000 2321
118000 2322
119000 2323
118000 2324
119000 2325
120000 2326
121000 2327
120000 2328
121000 2329
120000 2330
121000 2331
120000 2332
121000 2333
120000 2334
121000 2335
120000 2336
119000 2337
118000 2338
117000 2339
118000 2340
119000 2341
120000 2342
119000 2343
118000 2344
117000 2345
118000 2346
117000 2347
116000 2348
115000 2349
116000 2350
117000 2351
116000 2352
115000 2353
116000 2354
115000 2355
116000 2356
117000 2357
116000 2358
115000 2359
114000 2360
115000 2361
114000 2362
113000 2363
112000 2364
111000 2365
110000 2366
111000 2367
112000 2368
113000 2369
114000 2370
115000 2371
114000 2372
115000 2373
116000 2374
117000 2375
118000 2376
117000 2377
116000 2378
117000 2379
118000 2380
117000 2381
116000 2382
115000 2383
114000 2384
115000 2385
114000 2386
113000 2387
112000 2388
113000 2389
112000 2390
113000 2391
114000 2392
115000 2393
114000 2394
115000 2395
116000 2396
115000 2397
116000 2398
117000 2399
118000 2400
119000 2401
118000 2402
117000 2403
118000 2404
117000 2405
116000 2406
117000 2407
118000 2408
117000 2409
116000 2410
115000 2411
114000 2412
115000 2413
116000 2414
115000 2415
114000 2416
113000 2417
114000 2418
113000 2419
114000 2420
113000 2421
114000 2422
113000 2423
112000 2424
111000 2425
110000 2426
109000 2427
110000 2428
109000 2429
110000 2430
109000 2431
108000 2432
107000 2433
106000 2434
105000 2435
106000 2436
107000 2437
108000 2438
109000 2439
110000 2440
109000 2441
108000 2442
109000 2443
108000 2444
109000 2445
110000 2446
109000 2447
110000 2448
109000 2449
110000 2450
111000 2451
110000 2452
111000 2453
110000 2454
111000 2455
112000 2456
113000 2457
114000 2458
113000 2459
114000 2460
115000 2461
116000 2462
115000 2463
116000 2464
115000 2465
114000 2466
115000 2467
114000 2468
115000 2469
114000 2470
113000 2471
112000 2472
113000 2473
114000 2474
115000 2475
116000 2476
115000 2477
116000 2478
117000 2479
116000 2480
115000 2481
114000 2482
115000 2483
114000 2484
113000 2485
114000 2486
115000 2487
116000 2488
115000 2489
116000 2490
117000 2491
116000 2492
115000 2493
114000 2494
113000 2495
114000 2496
113000 2497
112000 2498
113000 2499
112000 2500
113000 2501
114000 2502
113000 2503
112000 2504
113000 2505
112000 2506
113000 2507
114000 2508
115000 2509
116000 2510
117000 2511
116000 2512
115000 2513
116000 2514
117000 2515
116000 2516
115000 2517
114000 2518
113000 2519
114000 2520
113000 2521
112000 2522
113000 2523
114000 2524
113000 2525
112000 2526
111000 2527
110000 2528
109000 2529
108000 2530
109000 2531
110000 2532
109000 2533
108000 2534
109000 2535
108000 2536
109000 2537
108000 2538
107000 2539
106000 2540
105000 2541
106000 2542
105000 2543
106000 2544
107000 2545
106000 2546
105000 2547
104000 2548
103000 2549
102000 2550
101000 2551
102000 2552
103000 2553
104000 2554
105000 2555
106000 2556
107000 2557
108000 2558
107000 2559
108000 2560
109000 2561
110000 2562
111000 2563
110000 2564
111000 2565
110000 2566
111000 2567
110000 2568
111000 2569
112000 2570
111000 2571
112000 2572
113000 2573
112000 2574
111000 2575
110000 2576
111000 2577
112000 2578
113000 2579
114000 2580
113000 2581
114000 2582
113000 2583
112000 2584
111000 2585
110000 2586
111000 2587
110000 2588
109000 2589
110000 2590
111000 2591
112000 2592
111000 2593
112000 2594
113000 2595
112000 2596
113000 2597
114000 2598
115000 2599
116000 2600
115000 2601
116000 2602
117000 2603
116000 2604
117000 2605
118000 2606
119000 2607
118000 2608
119000 2609
120000 2610
119000 2611
118000 2612
117000 2613
116000 2614
117000 2615
116000 2616
117000 2617
118000 2618
117000 2619
118000 2620
117000 2621
118000 2622
119000 2623
118000 2624
117000 2625
116000 2626
115000 2627
116000 2628
115000 2629
116000 2630
115000 2631
114000 2632
113000 2633
114000 2634
113000 2635
112000 2636
111000 2637
110000 2638
111000 2639
112000 2640
113000 2641
114000 2642
115000 2643
116000 2644
117000 2645
116000 2646
115000 2647
116000 2648
115000 2649
116000 2650
117000 2651
118000 2652
119000 2653
120000 2654
121000 2655
122000 2656
121000 2657
122000 2658
123000 2659
122000 2660
123000 2661
122000 2662
121000 2663
122000 2664
121000 2665
122000 2666
121000 2667
122000 2668
121000 2669
120000 2670
121000 2671
120000 2672
119000 2673
118000 2674
119000 2675
120000 2676
119000 2677
120000 2678
119000 2679
120000 2680
119000 2681
120000 2682
119000 2683
118000 2684
117000 2685
118000 2686
117000 2687
118000 2688
117000 2689
118000 2690
119000 2691
120000 2692
119000 2693
120000 2694
121000 2695
122000 2696
123000 2697
122000 2698
121000 2699
122000 2700
123000 2701
122000 2702
121000 2703
122000 2704
123000 2705
122000 2706
121000 2707
120000 2708
121000 2709
120000 2710
121000 2711
120000 2712
121000 2713
122000 2714
123000 2715
122000 2716
123000 2717
122000 2718
121000 2719
120000 2720
121000 2721
120000 2722
119000 2723
118000 2724
119000 2725
120000 2726
119000 2727
118000 2728
117000 2729
116000 2730
117000 2731
118000 2732
119000 2733
118000 2734
119000 2735
120000 2736
119000 2737
118000 2738
117000 2739
116000 2740
115000 2741
116000 2742
115000 2743
114000 2744
115000 2745
116000 2746
117000 2747
116000 2748
117000 2749
118000 2750
117000 2751
118000 2752
119000 2753
118000 2754
119000 2755
118000 2756
119000 2757
120000 2758
119000 2759
118000 2760
117000 2761
118000 2762
119000 2763
118000 2764
117000 2765
116000 2766
115000 2767
114000 2768
113000 2769
112000 2770
111000 2771
110000 2772
111000 2773
112000 2774
113000 2775
112000 2776
111000 2777
112000 2778
111000 2779
112000 2780
113000 2781
114000 2782
115000 2783
114000 2784
113000 2785
112000 2786
111000 2787
112000 2788
113000 2789
114000 2790
113000 2791
114000 2792
113000 2793
112000 2794
111000 2795
112000 2796
113000 2797
112000 2798
113000 2799
112000 2800
111000 2801
112000 2802
111000 2803
110000 2804
111000 2805
110000 2806
111000 2807
110000 2808
109000 2809
110000 2810
109000 2811
110000 2812
111000 2813
112000 2814
113000 2815
112000 2816
111000 2817
110000 2818
109000 2819
110000 2820
109000 2821
108000 2822
107000 2823
106000 2824
107000 2825
108000 2826
107000 2827
106000 2828
105000 2829
104000 2830
105000 2831
106000 2832
105000 2833
106000 2834
107000 2835
108000 2836
109000 2837
108000 2838
107000 2839
108000 2840
109000 2841
108000 2842
107000 2843
106000 2844
107000 2845
108000 2846
107000 2847
108000 2848
107000 2849
106000 2850
107000 2851
108000 2852
109000 2853
110000 2854
109000 2855
108000 2856
107000 2857
108000 2858
109000 2859
110000 2860
111000 2861
110000 2862
111000 2863
110000 2864
109000 2865
110000 2866
109000 2867
110000 2868
109000 2869
110000 2870
111000 2871
112000 2872
113000 2873
112000 2874
113000 2875
114000 2876
115000 2877
114000 2878
115000 2879
114000 2880
113000 2881
112000 2882
111000 2883
112000 2884
113000 2885
112000 2886
113000 2887
114000 2888
115000 2889
114000 2890
115000 2891
116000 2892
117000 2893
118000 2894
119000 2895
120000 2896
121000 2897
120000 2898
121000 2899
120000 2900
121000 2901
122000 2902
123000 2903
122000 2904
123000 2905
124000 2906
125000 2907
124000 2908
123000 2909
124000 2910
125000 2911
124000 2912
123000 2913
122000 2914
121000 2915
120000 2916
121000 2917
120000 2918
119000 2919
118000 2920
119000 2921
118000 2922
119000 2923
118000 2924
117000 2925
118000 2926
117000 2927
116000 2928
115000 2929
116000 2930
115000 2931
114000 2932
115000 2933
116000 2934
117000 2935
116000 2936
117000 2937
118000 2938
119000 2939
118000 2940
117000 2941
116000 2942
117000 2943
116000 2944
117000 2945
116000 2946
115000 2947
116000 2948
115000 2949
116000 2950
117000 2951
118000 2952
117000 2953
116000 2954
117000 2955
118000 2956
117000 2957
118000 2958
119000 2959
118000 2960
119000 2961
118000 2962
117000 2963
118000 2964
117000 2965
116000 2966
115000 2967
116000 2968
115000 2969
116000 2970
115000 2971
114000 2972
113000 2973
112000 2974
113000 2975
112000 2976
111000 2977
112000 2978
111000 2979
110000 2980
111000 2981
112000 2982
111000 2983
112000 2984
113000 2985
114000 2986
113000 2987
114000 2988
113000 2989
112000 2990
111000 2991
112000 2992
113000 2993
114000 2994
113000 2995
112000 2996
111000 2997
112000 2998
111000 2999
110000 3000
111000 3001
110000 3002
111000 3003
110000 3004
111000 3005
112000 3006
113000 3007
112000 3008
111000 3009
110000 3010
111000 3011
112000 3012
113000 3013
112000 3014
113000 3015
114000 3016
115000 3017
116000 3018
117000 3019
118000 3020
119000 3021
120000 3022
121000 3023
122000 3024
123000 3025
124000 3026
125000 3027
126000 3028
125000 3029
124000 3030
125000 3031
124000 3032
125000 3033
126000 3034
127000 3035
126000 3036
127000 3037
128000 3038
129000 3039
130000 3040
131000 3041
130000 3042
131000 3043
130000 3044
129000 3045
130000 3046
131000 3047
132000 3048
131000 3049
130000 3050
129000 3051
130000 3052
129000 3053
128000 3054
127000 3055
126000 3056
125000 3057
126000 3058
127000 3059
128000 3060
129000 3061
130000 3062
131000 3063
130000 3064
131000 3065
132000 3066
133000 3067
132000 3068
131000 3069
130000 3070
131000 3071
130000 3072
131000 3073
132000 3074
133000 3075
134000 3076
133000 3077
134000 3078
135000 3079
134000 3080
133000 3081
134000 3082
133000 3083
132000 3084
131000 3085
132000 3086
131000 3087
132000 3088
131000 3089
132000 3090
133000 3091
132000 3092
133000 3093
132000 3094
131000 3095
132000 3096
133000 3097
132000 3098
133000 3099
134000 3100
135000 3101
136000 3102
135000 3103
134000 3104
135000 3105
136000 3106
135000 3107
134000 3108
135000 3109
136000 3110
137000 3111
138000 3112
137000 3113
138000 3114
137000 3115
136000 3116
137000 3117
136000 3118
135000 3119
134000 3120
133000 3121
132000 3122
133000 3123
132000 3124
133000 3125
132000 3126
131000 3127
130000 3128
131000 3129
132000 3130
133000 3131
132000 3132
133000 3133
134000 3134
133000 3135
132000 3136
133000 3137
132000 3138
133000 3139
134000 3140
133000 3141
132000 3142
131000 3143
130000 3144
129000 3145
130000 3146
131000 3147
132000 3148
131000 3149
132000 3150
133000 3151
132000 3152
133000 3153
134000 3154
135000 3155
134000 3156
135000 3157
134000 3158
135000 3159
134000 3160
133000 3161
132000 3162
131000 3163
130000 3164
129000 3165
128000 3166
127000 3167
128000 3168
129000 3169
130000 3170
131000 3171
130000 3172
129000 3173
130000 3174
131000 3175
132000 3176
131000 3177
130000 3178
131000 3179
132000 3180
131000 3181
130000 3182
131000 3183
132000 3184
131000 3185
132000 3186
133000 3187
134000 3188
135000 3189
134000 3190
133000 3191
132000 3192
133000 3193
134000 3194
135000 3195
134000 3196
135000 3197
136000 3198
135000 3199
136000 3200
135000 3201
136000 3202
137000 3203
136000 3204
137000 3205
136000 3206
135000 3207
134000 3208
135000 3209
136000 3210
135000 3211
134000 3212
133000 3213
134000 3214
135000 3215
136000 3216
137000 3217
138000 3218
139000 3219
138000 3220
137000 3221
136000 3222
137000 3223
136000 3224
137000 3225
138000 3226
137000 3227
138000 3228
137000 3229
136000 3230
135000 3231
136000 3232
135000 3233
134000 3234
133000 3235
132000 3236
131000 3237
132000 3238
133000 3239
134000 3240
135000 3241
136000 3242
135000 3243
134000 3244
135000 3245
136000 3246
137000 3247
138000 3248
139000 3249
140000 3250
141000 3251
140000 3252
139000 3253
140000 3254
139000 3255
138000 3256
139000 3257
140000 3258
139000 3259
140000 3260
139000 3261
140000 3262
141000 3263
140000 3264
139000 3265
138000 3266
137000 3267
136000 3268
137000 3269
136000 3270
135000 3271
134000 3272
135000 3273
136000 3274
137000 3275
136000 3276
137000 3277
138000 3278
139000 3279
138000 3280
137000 3281
136000 3282
137000 3283
138000 3284
139000 3285
140000 3286
139000 3287
140000 3288
141000 3289
142000 3290
141000 3291
140000 3292
139000 3293
140000 3294
141000 3295
142000 3296
143000 3297
142000 3298
143000 3299
142000 3300
141000 3301
140000 3302
139000 3303
138000 3304
137000 3305
138000 3306
139000 3307
140000 3308
141000 3309
140000 3310
141000 3311
142000 3312
143000 3313
144000 3314
145000 3315
146000 3316
145000 3317
144000 3318
145000 3319
144000 3320
143000 3321
142000 3322
143000 3323
144000 3324
143000 3325
142000 3326
141000 3327
140000 3328
141000 3329
142000 3330
143000 3331
144000 3332
145000 3333
146000 3334
147000 3335
146000 3336
147000 3337
146000 3338
147000 3339
146000 3340
145000 3341
144000 3342
143000 3343
144000 3344
145000 3345
146000 3346
145000 3347
144000 3348
143000 3349
142000 3350
143000 3351
144000 3352
143000 3353
142000 3354
143000 3355
144000 3356
145000 3357
144000 3358
145000 3359
144000 3360
143000 3361
144000 3362
143000 3363
144000 3364
145000 3365
146000 3366
147000 3367
146000 3368
147000 3369
148000 3370
149000 3371
150000 3372
149000 3373
150000 3374
149000 3375
150000 3376
151000 3377
152000 3378
151000 3379
150000 3380
151000 3381
152000 3382
151000 3383
152000 3384
153000 3385
152000 3386
153000 3387
152000 3388
151000 3389
152000 3390
151000 3391
150000 3392
151000 3393
150000 3394
151000 3395
150000 3396
151000 3397
150000 3398
149000 3399
148000 3400
149000 3401
150000 3402
151000 3403
152000 3404
153000 3405
152000 3406
151000 3407
150000 3408
149000 3409
148000 3410
149000 3411
148000 3412
149000 3413
150000 3414
149000 3415
148000 3416
147000 3417
146000 3418
147000 3419
148000 3420
147000 3421
148000 3422
147000 3423
146000 3424
145000 3425
146000 3426
147000 3427
148000 3428
147000 3429
148000 3430
149000 3431
148000 3432
149000 3433
150000 3434
151000 3435
152000 3436
153000 3437
154000 3438
153000 3439
152000 3440
151000 3441
152000 3442
151000 3443
152000 3444
151000 3445
150000 3446
151000 3447
152000 3448
151000 3449
150000 3450
151000 3451
150000 3452
151000 3453
150000 3454
151000 3455
150000 3456
149000 3457
148000 3458
149000 3459
150000 3460
149000 3461
150000 3462
149000 3463
150000 3464
151000 3465
152000 3466
153000 3467
152000 3468
153000 3469
154000 3470
155000 3471
156000 3472
157000 3473
158000 3474
159000 3475
158000 3476
157000 3477
158000 3478
157000 3479
156000 3480
157000 3481
158000 3482
159000 3483
158000 3484
157000 3485
156000 3486
157000 3487
156000 3488
155000 3489
156000 3490
157000 3491
158000 3492
159000 3493
158000 3494
157000 3495
156000 3496
155000 3497
154000 3498
153000 3499
154000 3500
155000 3501
156000 3502
155000 3503
154000 3504
153000 3505
154000 3506
153000 3507
152000 3508
153000 3509
154000 3510
155000 3511
156000 3512
155000 3513
154000 3514
155000 3515
156000 3516
155000 3517
154000 3518
155000 3519
154000 3520
155000 3521
154000 3522
155000 3523
154000 3524
153000 3525
152000 3526
153000 3527
154000 3528
153000 3529
152000 3530
153000 3531
152000 3532
151000 3533
150000 3534
151000 3535
150000 3536
151000 3537
150000 3538
151000 3539
150000 3540
149000 3541
148000 3542
147000 3543
148000 3544
149000 3545
150000 3546
151000 3547
152000 3548
153000 3549
152000 3550
153000 3551
152000 3552
153000 3553
152000 3554
153000 3555
152000 3556
151000 3557
152000 3558
151000 3559
150000 3560
151000 3561
152000 3562
153000 3563
154000 3564
155000 3565
156000 3566
155000 3567
156000 3568
155000 3569
156000 3570
157000 3571
158000 3572
159000 3573
158000 3574
157000 3575
158000 3576
157000 3577
156000 3578
155000 3579
154000 3580
153000 3581
152000 3582
153000 3583
152000 3584
153000 3585
154000 3586
153000 3587
154000 3588
155000 3589
156000 3590
155000 3591
154000 3592
155000 3593
154000 3594
153000 3595
152000 3596
151000 3597
150000 3598
151000 3599
152000 3600
153000 3601
152000 3602
151000 3603
152000 3604
151000 3605
150000 3606
149000 3607
148000 3608
149000 3609
150000 3610
151000 3611
150000 3612
149000 3613
148000 3614
147000 3615
146000 3616
147000 3617
146000 3618
147000 3619
148000 3620
147000 3621
146000 3622
147000 3623
146000 3624
145000 3625
144000 3626
143000 3627
142000 3628
143000 3629
144000 3630
143000 3631
144000 3632
143000 3633
142000 3634
141000 3635
142000 3636
143000 3637
144000 3638
143000 3639
144000 3640
145000 3641
146000 3642
145000 3643
144000 3644
143000 3645
144000 3646
145000 3647
144000 3648
145000 3649
146000 3650
145000 3651
146000 3652
147000 3653
148000 3654
149000 3655
150000 3656
151000 3657
150000 3658
149000 3659
150000 3660
149000 3661
148000 3662
149000 3663
150000 3664
151000 3665
150000 3666
149000 3667
148000 3668
147000 3669
148000 3670
149000 3671
150000 3672
151000 3673
150000 3674
149000 3675
150000 3676
151000 3677
152000 3678
151000 3679
152000 3680
153000 3681
152000 3682
151000 3683
150000 3684
149000 3685
148000 3686
149000 3687
148000 3688
147000 3689
148000 3690
149000 3691
148000 3692
147000 3693
146000 3694
147000 3695
146000 3696
147000 3697
148000 3698
149000 3699
150000 3700
151000 3701
152000 3702
153000 3703
154000 3704
153000 3705
154000 3706
155000 3707
156000 3708
157000 3709
158000 3710
159000 3711
160000 3712
161000 3713
160000 3714
161000 3715
160000 3716
159000 3717
160000 3718
159000 3719
158000 3720
159000 3721
158000 3722
157000 3723
156000 3724
155000 3725
156000 3726
155000 3727
154000 3728
153000 3729
152000 3730
151000 3731
150000 3732
151000 3733
152000 3734
151000 3735
152000 3736
153000 3737
154000 3738
153000 3739
154000 3740
155000 3741
154000 3742
155000 3743
156000 3744
157000 3745
156000 3746
155000 3747
154000 3748
155000 3749
156000 3750
157000 3751
156000 3752
157000 3753
156000 3754
155000 3755
154000 3756
153000 3757
154000 3758
155000 3759
156000 3760
155000 3761
156000 3762
155000 3763
154000 3764
155000 3765
154000 3766
153000 3767
154000 3768
155000 3769
154000 3770
153000 3771
154000 3772
155000 3773
156000 3774
155000 3775
156000 3776
157000 3777
158000 3778
159000 3779
160000 3780
159000 3781
160000 3782
161000 3783
160000 3784
161000 3785
162000 3786
163000 3787
162000 3788
163000 3789
164000 3790
165000 3791
164000 3792
165000 3793
164000 3794
163000 3795
164000 3796
165000 3797
164000 3798
163000 3799
164000 3800
165000 3801
164000 3802
165000 3803
166000 3804
167000 3805
166000 3806
167000 3807
168000 3808
167000 3809
168000 3810
169000 3811
170000 3812
169000 3813
170000 3814
169000 3815
168000 3816
169000 3817
170000 3818
169000 3819
170000 3820
169000 3821
170000 3822
169000 3823
170000 3824
169000 3825
170000 3826
171000 3827
172000 3828
173000 3829
174000 3830
175000 3831
176000 3832
177000 3833
178000 3834
177000 3835
178000 3836
179000 3837
180000 3838
179000 3839
178000 3840
179000 3841
180000 3842
179000 3843
180000 3844
181000 3845
182000 3846
183000 3847
182000 3848
181000 3849
182000 3850
181000 3851
182000 3852
181000 3853
182000 3854
181000 3855
182000 3856
181000 3857
182000 3858
183000 3859
184000 3860
183000 3861
184000 3862
185000 3863
184000 3864
183000 3865
184000 3866
183000 3867
184000 3868
185000 3869
186000 3870
187000 3871
188000 3872
189000 3873
188000 3874
187000 3875
186000 3876
185000 3877
186000 3878
185000 3879
186000 3880
187000 3881
186000 3882
187000 3883
186000 3884
187000 3885
188000 3886
187000 3887
186000 3888
187000 3889
186000 3890
185000 3891
186000 3892
185000 3893
186000 3894
185000 3895
186000 3896
187000 3897
188000 3898
189000 3899
188000 3900
189000 3901
190000 3902
191000 3903
192000 3904
193000 3905
192000 3906
191000 3907
190000 3908
191000 3909
192000 3910
191000 3911
190000 3912
191000 3913
190000 3914
191000 3915
190000 3916
191000 3917
192000 3918
193000 3919
194000 3920
195000 3921
196000 3922
197000 3923
198000 3924
197000 3925
198000 3926
197000 3927
198000 3928
199000 3929
198000 3930
199000 3931
198000 3932
197000 3933
198000 3934
199000 3935
198000 3936
199000 3937
200000 3938
